Bin Center	Bin Value
1.0084766734865977e-06	229.98557640043546
1.025573728446591e-06	228.0615186218939
1.0429606357115412e-06	226.15280349359614
1.0606423092481435e-06	224.25964796848604
1.0786237463312785e-06	222.38279839863026
1.096910028956362e-06	220.52133290341976
1.1155063252756382e-06	218.67489443159323
1.1344178910588306e-06	216.84371509356436
1.1536500711785527e-06	215.02831730811897
1.1732083011208957e-06	213.22735172515445
1.1930981085216315e-06	211.4423484193689
1.213325114728462e-06	209.67330471016038
1.2338950363897473e-06	207.91861924483447
1.2548136870701676e-06	206.17856009259785
1.276086978893783e-06	204.45312565270018
1.297720924214946e-06	202.74177532556723
1.3197216373175394e-06	201.04442953974163
1.3420953361430188e-06	199.36148946482012
1.3648483440477588e-06	197.69212048046901
1.3879870915901932e-06	196.03683345246088
1.4115181183482398e-06	194.3959166050322
1.4354480747675497e-06	192.76923589976838
1.4597837240410894e-06	191.15621687710777
1.484531944020583e-06	189.55644913652512
1.509699729160358e-06	187.97005727312796
1.5352941924941531e-06	186.39670622563173
1.56132256764544e-06	184.83628210309104
1.5877922108718152e-06	183.2889016343621
1.6147106031440625e-06	181.75421887031652
1.6420853522604615e-06	180.23236919832027
1.669924194996937e-06	178.72373725913627
1.698234999293656e-06	177.22822246287913
1.727025766478706e-06	175.74521811616
1.7563046335294701e-06	174.2746839152997
1.7860798753723282e-06	172.8165567695371
1.816359907221357e-06	171.3702366402581
1.8471532869566818e-06	169.93545123405738
1.8784687175431391e-06	168.51227013514549
1.9103150494899438e-06	167.1018673232556
1.942701283352064e-06	165.7027478804449
1.9756365722740036e-06	164.31550277193412
2.009130224576702e-06	162.94031674905472
2.043191706388287e-06	161.57695069614903
2.077830644319443e-06	160.22464468913873
2.1130568281841312e-06	158.88374843046597
2.148880213766419e-06	157.55386257225607
2.1853109256342356e-06	156.23486744708634
2.2223592600008277e-06	154.9269350504164
2.260035687634718e-06	153.62972036075584
2.2983508568189965e-06	152.343350279843
2.33731559636079e-06	151.06815451704486
2.3769409186517584e-06	149.80405686370912
2.4172380227804506e-06	148.55055772611516
2.458218297697449e-06	147.3073439420749
2.499893325434172e-06	146.07454215402254
2.5422748843762352e-06	144.85187772235167
2.5853749525923086e-06	143.63924261455116
2.6292057112194152e-06	142.436702534718
2.6737795479056283e-06	141.24417526001258
2.7191090603111086e-06	140.0614676992764
2.765207059668523e-06	138.88926824928578
2.812086574403813e-06	137.72744784468972
2.8597608538183485e-06	136.57502486746367
2.908243371833496e-06	135.43176171530357
2.9575478307986853e-06	134.29833824319186
3.007688165364037e-06	133.17438791608032
3.0586785464186307e-06	132.0595811538323
3.1105333850955385e-06	130.95362704286208
3.1632673368447717e-06	129.8574201157227
3.216895305575281e-06	128.77015806965622
3.271432447867146e-06	127.6921852690484
3.326894177255208e-06	126.6235914128541
3.3832961685853226e-06	125.5642004690139
3.4406543624444367e-06	124.51335751476643
3.4989849696657957e-06	123.47118634515726
3.5583044759105364e-06	122.4377418765387
3.6186296463269256e-06	121.41286182246475
3.679977530288602e-06	120.39615739728896
3.7423654662131476e-06	119.38831720619672
3.8058110864623638e-06	118.38859294130516
3.870332322325599e-06	117.39757724997193
3.935947409087562e-06	116.41528492325659
4.0026748911820734e-06	115.44112801183019
4.070533627433186e-06	114.47498775393666
4.1395427963851244e-06	113.51697371754187
4.209721901722633e-06	112.56680603069199
4.2810907777831974e-06	111.6244215076268
4.3536695951627085e-06	110.68998291956426
4.427478866416158e-06	109.76313580528078
4.5025394518550016e-06	108.8440824244245
4.5788725654428015e-06	107.93300952617925
4.656499780790804e-06	107.02985318089473
4.735443037255164e-06	106.13428799487326
4.815724646137554e-06	105.24607057758064
4.897367296990898e-06	104.36527362164448
4.980394064031971e-06	103.49178382972504
5.0648284126627486e-06	102.62554523385775
5.150694206102325e-06	101.76656162749163
5.23801571213121e-06	100.91437250238484
5.3268176099500205e-06	100.06934235762776
5.417124997154431e-06	99.23179284523509
5.508963396828368e-06	98.40154731591569
5.602358764757438e-06	97.57790948173167
5.697337496764694e-06	96.76149733849944
5.793926436170743e-06	95.95172623559162
5.892152881380323e-06	95.14854467775636
5.9920445935974825e-06	94.35199615457289
6.093629804671601e-06	93.56222313087011
6.1969372250764114e-06	92.77876197256953
6.301996052024249e-06	92.00193933600555
6.408835977717925e-06	91.23188241844598
6.517487197742476e-06	90.46848946556213
6.627980419599171e-06	89.71141995283182
6.740346871384189e-06	88.96075710315627
6.854618310614458e-06	88.21619449681535
6.970827033203125e-06	87.47782487909942
7.089005882587156e-06	86.74558758863142
7.209188259009688e-06	86.01926195673428
7.331408128959766e-06	85.29917692156367
7.4557000347721344e-06	84.58490802841914
7.582099104389701e-06	83.87690237829187
7.710641061291574e-06	83.1751266115818
7.841362234589427e-06	82.47904625533972
7.974299569294943e-06	81.7889108121316
8.109490636761403e-06	81.10440208975402
8.2469736453023e-06	80.4255497024272
8.386787450989916e-06	79.75232518257835
8.528971568637e-06	79.08463945586087
8.673566182964624e-06	78.42252313858957
8.820612159959398e-06	77.76603252668596
8.970151058423186e-06	77.11527535593378
9.122225141718621e-06	76.47008267667157
9.276877389713784e-06	75.82999703717059
9.434151510929404e-06	75.19543720496048
9.594091954891897e-06	74.56624596752982
9.756743924695923e-06	73.94215073672396
9.922153389779922e-06	73.32308042706727
1.009036709891814e-05	72.70917410358041
1.0261432593433015e-05	72.10059495087934
1.0435398220631543e-05	71.496828863574
1.0612313147469377e-05	70.89833169768255
1.079222737444664e-05	70.30515838710969
1.0975191749739265e-05	69.71694565713018
1.1161257983569949e-05	69.13342613434484
1.1350478662822769e-05	68.55490112056005
1.1542907265905469e-05	67.98116128348006
1.1738598177863784e-05	67.41208561150962
1.1937606705752042e-05	66.84764523890382
1.2139989094264214e-05	66.28811060369723
1.2345802541630085e-05	65.73303561500492
1.25551052157809e-05	65.18283403993208
1.276795627078901e-05	64.63750042331587
1.2984415863586297e-05	64.09659205727615
1.3204545170965955e-05	63.560236946705025
1.3428406406872572e-05	63.028340231264814
1.365606283998538e-05	62.50080135609214
1.3887578811599428e-05	61.977599656941635
1.4123019753810072e-05	61.4587977635509
1.4362452208005724e-05	60.94421564588932
1.4605943843673997e-05	60.43396291364242
1.4853563477526813e-05	59.92813314188361
1.5105381092949725e-05	59.42669198223013
1.5361467859780866e-05	58.9294716571794
1.5621896154425324e-05	58.436320548541175
1.5886739580310524e-05	57.94730086417065
1.6156072988688328e-05	57.46230608467932
1.6429972499789846e-05	56.98129103782556
1.6708515524338865e-05	56.50427452455357
1.6991780785430004e-05	56.03123645537547
1.7279848340777897e-05	55.562088897666655
1.7572799605343317e-05	55.09711002023797
1.787071737434314e-05	54.63625726431633
1.817368584665031e-05	54.1791535704816
1.8481790648590444e-05	53.725668264190595
1.8795118858141955e-05	53.27602164556077
1.911375902954649e-05	52.83017485221633
1.943780121833644e-05	52.388014637707194
1.976733700678692e-05	51.94935021755153
2.010245952979909e-05	51.514385114852566
2.0443263501222395e-05	51.08307386165533
2.0789845240623102e-05	50.65551369687007
2.1142302700506447e-05	50.23167775413905
2.150073549400046e-05	49.81140972102407
2.1865244923009176e-05	49.39457013152438
2.2235934006842876e-05	48.98123791362248
2.2612907511333957e-05	48.5712987837657
2.2996271978446405e-05	48.1647194328012
2.3386135756387007e-05	47.761550992504496
2.378260903022729e-05	47.36168876811025
2.4185803853044587e-05	46.9651607625308
2.4595834177590902e-05	46.57208652219511
2.5012815888498808e-05	46.18243231795951
2.5436866835033212e-05	45.796004559004686
2.58681068643985e-05	45.41282904751994
2.6306657855610375e-05	45.03279036283433
2.6752643753941705e-05	44.65590117143993
2.720619060595257e-05	44.28214431097506
2.7667426595114205e-05	43.91147149303914
2.8136482078036625e-05	43.54399783243689
2.8613489621310677e-05	43.179437072595334
2.9098584038974685e-05	42.81798792605395
2.9591902430616117e-05	42.45971809848305
3.009358422011933e-05	42.104558596616336
3.060377119507013e-05	41.75224268718714
3.112260754682844e-05	41.40279975184161
3.165023991128045e-05	41.05630999095757
3.21868174102813e-05	40.71272819025618
3.273249169380069e-05	40.371878340815485
3.328741698278297e-05	40.03390381729735
3.385175011273356e-05	39.69877600294491
3.4425650578044646e-05	39.36652814105563
3.500928057707227e-05	39.037150143324695
3.5602805057977356e-05	38.710586712281824
3.620639176534429e-05	38.38670003132272
3.682021128758963e-05	38.065468594239576
3.74444371051745e-05	37.74692297871599
3.807924563963456e-05	37.43102218948886
3.872481630344087e-05	37.11765058871453
3.938133155070636e-05	36.8070028336785
4.0048976928751986e-05	36.498851545903506
4.0727941130546655e-05	36.1933943807998
4.1418416048036695e-05	35.8906248607118
4.2120596826379276e-05	35.590323594981164
4.283468191909501e-05	35.29256276316571
4.356087314415589e-05	34.99725123938432
4.4299375741024114e-05	34.70437707785487
4.505039842865766e-05	34.413921976431205
4.581415346449944e-05	34.12586099378153
4.659085670446638e-05	33.84021569531569
4.738072766395563e-05	33.55691578985493
4.818398957988521e-05	33.27609538977077
4.9000869473785896e-05	32.997735067802225
4.983159821596325e-05	32.72165525870367
5.06764105907474e-05	32.44797458766279
5.153554536284851e-05	32.17650991145753
5.240924534483774e-05	31.907227645874784
5.329775746577216e-05	31.640156416839204
5.420133284098267e-05	31.375389692697176
5.5120226843045515e-05	31.112768001772533
5.605469917395691e-05	30.852285530305434
5.70050139385311e-05	30.59411218095987
5.797143971904293e-05	30.3382170256397
5.895424965113561e-05	30.084359686192204
5.9953721501015705e-05	29.83269606299311
6.097013774395682e-05	29.58310133796644
6.20037856441337e-05	29.33554235521942
6.305495733581034e-05	29.09002329431682
6.412394990590445e-05	28.846587251960763
6.521106547795113e-05	28.60510653622967
6.631661129749061e-05	28.36567223356844
6.74408998189035e-05	28.12831961224018
6.858424879371796e-05	27.893026521197296
6.974698136041389e-05	27.659710922345845
7.092942613574999e-05	27.428320779059884
7.213191730763902e-05	27.198854755804206
7.335479472959735e-05	26.9712829258314
7.459840401679581e-05	26.745586618332585
7.586309664373918e-05	26.52175889662763
7.714923004360164e-05	26.29979520352724
7.845716770924578e-05	26.079671529334792
7.978727929595481e-05	25.86146107266741
8.113994072590647e-05	25.645153721481567
8.251553429441738e-05	25.430652467773925
8.391444877798925e-05	25.217919492221156
8.533707954418694e-05	25.00696647311771
8.678382866337875e-05	24.797758682656504
8.825510502237144e-05	24.590291528664768
8.975132443997161e-05	24.38459183568129
9.127290978450629e-05	24.180530207191513
9.28202910933363e-05	23.978101673306114
9.439390569439473e-05	23.777481326214833
9.599419832978691e-05	23.578664719169005
9.762162128148563e-05	23.381460148582406
9.927663449915664e-05	23.18583401912088
0.00010095970573015196	22.991901112899114
0.000102671310651707	22.79958018149984
0.00010441193300537818	22.60881606110828
0.00010618206473376047	22.419580812803712
0.00010798220611952227	22.23202328238794
0.0001098128659267977	22.04597522771372
0.00011167456154497583	21.86152250671206
0.00011356781913492733	21.678684080238273
0.00011549317377771094	21.497409115344908
0.00011745116962580011	21.317580553624353
0.000119442360056874	21.13927481532675
0.00012146730783021559	20.962448764627933
0.00012352658524576125	20.787069985952485
0.00012562077430584671	20.613117251575513
0.00012775046687969532	20.440671972725163
0.00012991626487069465	20.269607178975722
0.00013211878038650918	20.10004972516495
0.00013435863591207715	19.931993717527472
0.0001366364644855399	19.765294807243478
0.00013895290987715406	19.60002514901464
0.00014130862677123667	19.436104767077843
0.0001437042809511953	19.27354018975125
0.00014614054948769456	19.11232335729285
0.000148618120930013	18.95243098886927
0.000151137695500644	18.793884079013697
0.00015369998529319567	18.63663993521702
0.00015630571447364634	18.480771091306902
0.0001589556194850114	18.326266968489527
0.00016165044925548012	18.173030303346565
0.0001643909654100813	18.02109608215202
0.00016717794248593707	17.87040224586188
0.00017001216815116626	17.720959329284995
0.00017289444342749832	17.57276074806913
0.00017582558291666232	17.425782057074944
0.00017880641503061295	17.280083932410548
0.00018183778222566024	17.135544633948314
0.0001849205412405683	16.992224263728524
0.00018805556333869087	16.850151093057942
0.00019124373455421158	16.7093201679908
0.00019448595594255894	16.56963847861506
0.00019778314383506694	16.431072302228475
0.0002011362300979524	16.293666926551204
0.00020454616239568355	16.157419654148146
0.0002080139044588133	16.02227773439443
0.00021154043635635282	15.888291324848339
0.00021512675477276336	15.755398301582527
0.00021877387328964368	15.623663190713367
0.00022248282267219304	15.493080155704071
0.00022625465116053078	15.36356997136197
0.00023009042476595482	15.23515541504834
0.0002339912275722221	15.10779468443928
0.00023795816204193806	14.981490692218504
0.00024199234932813907	14.85623345105232
0.0002460949295911579	14.73199951689956
0.000250267062320861	14.608823679813714
0.0002545099266643491	14.486651381299191
0.00025882472175921256	14.365542511881037
0.0002632126670724374	14.245491654762713
0.0002676750027450568	14.126425277310217
0.000272212989942645	14.008362306422349
0.0002768279112117538	13.891299864379706
0.00028152107084239176	13.775206887886537
0.0002862937952366485	13.660053921989372
0.0002911474332835686	13.545813199134201
0.00029608335674038034	13.432566961848858
0.0003011029606201888	13.320267964552398
0.0003062076635862394	13.208933841444662
0.0003113989083528686	13.098563192603164
0.0003166781620932493	12.9891347598114
0.0003220469168540502	12.880628960514303
0.0003275066899771249	12.772990533733294
0.0003330590245283501	12.66625568798571
0.00033870548973373356	12.5604223325581
0.0003444476814229158	12.455448427086827
0.0003502872224801914	12.351339557470759
0.0003562257633031753	12.248118468566311
0.0003622649822692456	12.145791057077435
0.0003684065862098948	12.044349538655322
0.00037465231089312185	11.943771858192548
0.0003810039215140027	11.84402403080649
0.0003874632131935779	11.74509948102751
0.0003940320114861983	11.647001424980795
0.0004007121728954702	11.549718151447435
0.0004075055853989504	11.453222381322458
0.0004144141689817342	11.357562638781996
0.00042143987617909023	11.262674820109922
0.00042858469262829513	11.16862327686244
0.0004358506376298232	11.075403644522739
0.00044323976471805033	10.982939888979486
0.00045075416224163326	10.891274500095262
0.0004583959539537282	10.800354352806885
0.00046616729961221495	10.71019194652745
0.0004740703955900987	10.620781796287659
0.00048210747549625794	10.532099657625102
0.0004902808108067176	10.444177563754737
0.0004985927115066238	10.356979016799446
0.0005070455267431023	10.270553217247205
0.0005156416454891852	10.184887774420204
0.0005243834972189932	10.099906064389442
0.0005332735525943647	10.015642405100406
0.0005423143241631259	9.932098180255368
0.0005515083670691978	9.849236241851626
0.0005608582797747427	9.767049969665894
0.0005703667047945538	9.685564579661994
0.0005800363294428943	9.60476213823191
0.0005898698865929987	9.524614016889492
0.0005998701554494499	9.445166037788546
0.0006100399623336496	9.366412010365364
0.0006203821814826074	9.288291496951224
0.0006308997358612702	9.210845868180568
0.0006415955979886241	9.134039913076096
0.0006524727907778005	9.057866418818504
0.0006635343883904261	8.982325121357947
0.0006747835171054565	8.907422998233706
0.0006862233562027389	8.833131759170161
0.0006978571388615554	8.75947202369658
0.0007096881530743971	8.686452818431691
0.000721719742576234	8.614069158221078
0.0007339553077895347	8.542301442582865
0.0007463983067853096	8.471121885527571
0.000759052256260447	8.400546059582936
0.0007719207325316177	8.330553855691656
0.0007850073725460303	8.261139650016545
0.0007983158749093201	8.19231292408756
0.0008118500009308684	8.124054101614924
0.0008256135756868389	8.05637032527082
0.0008396104891012391	7.989266975269956
0.0008538446970453072	7.922738041119063
0.0008683202224555398	7.856765631605405
0.0008830411564706713	7.791366826844789
0.0008980116595879309	7.726511347213519
0.0009132359628389011	7.6621806557620555
0.0009287183689853098	7.598371538204165
0.0009444632537350985	7.535096757864156
0.0009604750669791034	7.4723853939948945
0.000976758334048704	7.41017532568496
0.0009933176569947924	7.348492814689511
0.0010101577158884273	7.296662688595603
0.0010272832701435355	7.256090695530147
0.0010446991598620384	7.2300662790935
0.0010624103072017859	7.239867090185657
0.0010804217177676776	7.465807968717856
0.0010987384820263695	26.659458210089433
0.0011173657767449654	244.51325822878738
0.0011363088664540976	7.6488122721577865
0.001155573104935813	7.088065547365698
0.0011751639367366833	6.951775559115968
0.001195086898706568	6.899483958964752
0.0012153476215634612	6.8761966493764355
0.0012359518314848752	6.874958388213793
0.0012569053517261955	6.9014788681732835
0.0012782141042664767	6.960971788346492
0.0012998841114821393	7.070895859910543
0.0013219214978490406	7.262211996557896
0.0013443324916734025	7.57718096154655
0.0013671234268520828	8.154234892172962
0.0013903007446626919	9.228575271359707
0.0014138709955840512	11.306587969095409
0.0014378408411475259	16.446032769640453
0.001462217055819732	25.629137505553896
0.001487006528917169	28.87309241735298
0.0015122162665533096	19.167791289575725
0.0015378533936186989	12.34668905770956
0.0015639251557946247	9.259351703925685
0.0015904389216009206	7.853073693270232
0.0016174021844784967	7.045162105061647
0.001644822564907166	6.561176580332733
0.0016727078125593794	6.240992190304448
0.0017010658084904745	6.0059537425438725
0.0017299045673660539	5.832071899209537
0.0017592322397271272	5.6940382059244
0.0017890571142936541	5.580880101269342
0.00181938762030714	5.488766314140025
0.0018502323299129445	5.411269349701363
0.0018815999605829837	5.35131131047491
0.0019134993775794988	5.325304999522719
0.0019459395964605988	5.364714734163143
0.0019789297856282768	5.791589239769127
0.0020124792689196255	49.86926010432342
0.002046597528241984	23.336873140146075
0.0020812942062527554	5.578959387340685
0.0021165791090846623	5.116759796507599
0.0021524622091171927	5.071583132356582
0.0021889536477950485	5.323094618277012
0.002226063738494361	73.17072413741049
0.002263802969437506	39.41345004623274
0.0023021820066573316	4.940475450611556
0.002341211697011642	4.640334093653125
0.002380903071248787	4.545834682984165
0.0024212673471252157	4.483188449809637
0.0024623159325758994	4.4283574044922664
0.002504060428938488	4.3787450033806525
0.002546512634232132	4.3317849890964695
0.002589684546491897	4.288156075450583
0.0026335883671596977	4.24621880030407
0.0026782365045327286	4.206771748121411
0.002723641577270352	4.173062908229415
0.0027698164179604406	4.155138636401786
0.002816774076746179	4.221255836058015
0.002864527825014361	212.1286678414363
0.002913091159146204	12.376384758186854
0.00296247780433176	4.092319243647733
0.0030127017184489882	33.98431873286913
0.003063777096008598	4.593232782834207
0.0031157183721657643	3.9187212137824114
0.003168540226799852	7.600036690845315
0.0032222575886633196	15.672196790050764
0.0032768856396009427	160.00284657708366
0.003332439818840581	20.0122201016253
0.0033889358273566797	3.870679324655283
0.0034463896323077533	3.677654831239259
0.003504817471549092	3.620312615511432
0.0035642358582219833	3.57763110170895
0.0036246615854207296	3.54038884368051
0.0036861117309387823	3.508641125180226
0.0037486036620953556	3.4800599513894164
0.003812155040643852	3.4546635431713892
0.0038767838277635053	3.4364514434299003
0.0039425082891356555	3.4365328592284756
0.004009347000106073	13.203980518900272
0.004077318850934814	3.495573295869947
0.004146443052135065	3.583190856139895
0.004216739139902512	4.2523422731011
0.004288226981636735	10.291445532596475
0.0043609267815562435	8.673890221092107
0.0044348590864086695	4.052922434242798
0.004510044791277788	3.4609471664016658
0.004586505145488975	4.947844868962734
0.004664261758614799	32.176497080462845
0.004743336606582408	3.299773585543823
0.004823752037884462	3.2878413886328506
0.004905530779895379	8.50729490795238
0.004988695945294638	14.005421842170852
0.0050732710385989945	5.106226264221386
0.00515927996280543	10.099406442143152
0.005246747026146728	7.938847163927977
0.005335696948961579	4.743457258856157
0.005426154870681148	5.27790198056661
0.005518146356934106	8.98160387726174
0.005611697406772088	6.618244727299633
0.005706834460017679	4.583690484551169
0.005803584404736951	10.461534552521895
0.005901974584838687	79.33927303781931
0.006002032807802441	20.526912035578388
0.006103787352537622	3.524449034491539
0.006207266977375798	2.974593305338705
0.0063125009281985115	2.7561453129567193
0.006419518946702887	2.645034222079062
0.006528351278807347	2.576626699656223
0.006639028683199877	2.5335224967617385
0.006751582440031165	2.5340691407627416
0.006866044359755151	3.16163112691507
0.006982446792119436	290.4746424031096
0.007100822635308117	2.598085675260817
0.007221205345239623	2.3829469553020433
0.007343628945022168	2.3284558415904484
0.007468128034569535	2.29775280518163
0.007594737800379845	2.2731878561092946
0.007723494025480133	2.253819114399126
0.007854433099539503	2.2410947192261297
0.007987592029153752	2.876929739485337
0.008123008448304332	2.2350438539705655
0.008260720628994637	2.2580911131244843
0.008400767492066627	2.35287039226638
0.008543188618200779	5.372434546674339
0.008688024259102596	3.195148503710159
0.008835315348878707	4.0775846156473445
0.008985103515605851	3.36017771692647
0.009137431093096001	24.300020479568005
0.009292341132860928	21.362628729538017
0.00944987741627962	51.15530317582894
0.00961008446697198	3.917661035112883
0.009773007563382282	2.4209230285955723
0.009938692751575978	2.1572977768538872
0.010107186858253434	2.053434324719215
0.010278537503984326	2.4164451881184785
0.010452793116666375	4.5850589556816725
0.01063000294521226	3.068569882421255
0.010810217073468546	1923.3773136840282
0.010993486434370621	21.801160247217545
0.011179862824337635	2.24126999846588
0.011369398917911373	1.8668077358020256
0.0115621482826434	1.7820817618725098
0.01175816539423459	1.7362632015948651
0.01195750565193128	1.7250386219502842
0.01216022539418243	26.791833527420767
0.012366381914562269	1.7144590312591357
0.012576033477962906	25.297143199139693
0.012789239337061348	7.574374646859515
0.013006059749065789	1.6433323740979293
0.013226555992745814	3.315646076346548
0.013450790385751248	1.934789245359639
0.013678826302224625	1.9923561877042544
0.013910728190712313	2.7036037579923518
0.01414656159237927	2.6263248754253383
0.014386393159532572	14.624649191043176
0.014630290674458951	1.6787815585585124
0.01487832306858176	6.964368544070226
0.01513056044194274	32.11925022104585
0.01538707408301392	3.662845052533011
0.01564793648884552	3.1131306503341083
0.015913221385555443	11.684968635524806
0.016183003749166057	3.8048419776754714
0.01645735982679421	6.216221853276596
0.016736367158200583	9.879014090256861
0.01702010459770437	1.7954921979426868
0.01730865233646935	1.6239545633499335
0.01760209192516793	1.6349187444826598
0.017900506297029384	2.7562859249851988
0.018203979791278812	1.8245048822407592
0.01851259817697342	2.0778756033482124
0.018826448677242997	2.3620028743813655
0.019145619993941376	3.137093419041188
0.019470202332715632	3.6196488169252574
0.01980028742850048	4.718053347879326
0.020135968571444854	20.08128912053939
0.02047734063327794	1321.5704601910297
0.020824500094122237	5.831809512049898
0.021177545069761234	2.988404262717472
0.021536575339369382	2.4422076180126076
0.021901692373712103	2.0544478326284508
0.022272999363823855	1.609972320653488
0.022650601250172524	6.723191067453452
0.023034604752318222	10.153056805366782
0.023425118399074712	6.1450777247916415
0.023822252559182414	1.364734889384716
0.024226119472501327	2.032802042159624
0.02463683328173276	1.8932637001750843
0.02505451006467877	7.351095244897083
0.02547926786704869	7.418516484182322
0.025911226735821788	2.543145344194088
0.026350508753175343	5.309161155484921
0.026797238070988147	1.493240874866015
0.027251540945928937	19.36431013244115
0.027713545775139542	1.2148150448362205
0.028183383132523047	1.8845516202258243
0.02866118580564722	1.1638475065180371
0.02914708883327361	1.2196843465852005
0.029641229543522683	2.005820334533277
0.030143747592686156	1.2966116948106843
0.030654785004697392	1.4063776772214875
0.031174486211270773	2.160197521063964
0.03170299809272158	2.9852311513602525
0.032240470019478044	9.885975700752564
0.03278705389429716	3.203102758989024
0.03334290419519608	7.140289616111472
0.03390817801911129	3.3559020203189696
0.03448303512629816	3.5782214017561884
0.03506763798548322	3.6652220471299803
0.03566215181978157	3.239235728927701
0.03626674465339311	2.93570899318688
0.03688158735909036	4.718694294446353
0.03750685370651129	11.325911000157229
0.03814272041127069	2.372281081553149
0.038789367184904555	3.562457222774588
0.03944697678566097	2.27881903054404
0.04011573507015191	1.268299973440037
0.040795831045880984	1.2725017668107148
0.04148745692466166	1.526067735001125
0.042190808176941	246.60502343837499
0.04290608358704426	3.8583329972722247
0.04363348530935635	1.3493067505264835
0.044373218925455746	1.3833632455498273
0.04512549350221661	2.6992457710956743
0.04589052165089637	12.737881750317266
0.046668519587224955	49.121851528582354
0.04745970719251261	1.4954002658679657
0.048264308075793586	2.770215595401027
0.049082549637023715	1.5603534986431453
0.04991466313134927	2.715811637167213
0.05076088373446526	2.830639308512437
0.05162145060908174	5.1966306440851415
0.05249660697251718	142.43930348145878
0.053386600165437795	2.3040703178839026
0.05429168172176177	5.397195975080501
0.055212107439749095	8.002768494629729
0.05614813745429652	7.901799565583022
0.057100036310457944	2.880473373995608
0.05806807303821126	4.484161858041714
0.059052521228492916	2.504832301026549
0.060053659110521615	3.241557853077436
0.06107176963043235	1.2704011452816286
0.06210714053124414	8.672463774486076
0.06316006443418334	7.140955416674158
0.06423083892138551	1.53871882222149
0.06531976661999925	13.233158116558887
0.06642715528771626	8.068029885008187
0.0675533178997513	13.445755595612853
0.06869857273729645	3.866775397536499
0.06986324347747515	3.073176729874143
0.07104765928482162	3.1875033525636516
0.07225215490431065	3.2020506752952596
0.07347707075596457	3.5777241373052786
0.07472275303106449	4.323418458132707
0.0759895537899926	7.49099179872929
0.07727783106173274	5.726784425410933
0.07858794894505827	9.06388354984373
0.07992027771143562	15.075610916466916
0.08127519390967182	16.249739197614744
0.08265308047233633	17.11827778130788
0.0840543268239873	16.383189006202247
0.08547932899123273	43.89563876642745
0.08692848971465711	14.693206197651952
0.08840221856264566	86.84393938848854
0.08990093204713845	25.928806606395515
0.09142505374134735	4.819795693380503
0.09297501439946756	4.720783696940174
0.09455125207841958	2.644443739596004
0.0961542122616551	3.03404519832518
0.09778434798506135	3.302988696407656
0.09944211996499988	3.5086869683235467
0.10112799672851666	42.58254599175503
0.10284245474575948	3.746524838703836
0.10458597856463961	2.510762363489725
0.10635906094777714	2.0891674981248833
0.10816220301176807	1.9567349732580428
0.1099959143688119	2.2040096471171267
0.11186071327074038	1.2218804333897193
0.11375712675548838	1.410658343360006
0.1156856907960481	1.4693864077915724
0.11764695045194742	3.028079390419145
0.11964146002329763	2.961328564173748
0.12166978320745231	19.862725797367762
0.12373249325832185	3.6696073757275833
0.12583017314838887	6.0302187720309615
0.12796341573347078	8.859183978099612
0.1301328239202756	17.039810404549755
0.13233901083679792	37.876089022741965
0.13458260000560376	9.548393593455568
0.13686422552005356	5.768842254234825
0.13918453222351285	2.5407125443150016
0.14154417589160012	3.9664468318848782
0.14394382341752546	25.88733415782329
0.14638415300057117	9.339017847690688
0.14886585433776733	3.469410123318976
0.15138962881881685	13.440622845882737
0.1539561897243255	5.233978530302129
0.1565662624273933	4.350163875373399
0.15922058459862143	30.620458220486118
0.16191990641459691	8.253929786246792
0.16466499076991092	30.64574065469393
0.16745661349277144	36.68826618857454
0.17029556356427086	24.66524283013984
0.17318264334137182	6.444622916488464
0.17611866878367344	9.100804416161079
0.17910446968402055	23.676578479007276
0.18214088990302393	1.674073211406999
0.1852287876075565	44.739879680601746
0.18836903551329195	1.3810537998451957
0.1915625211313552	1.5047799892704705
0.19481014701915514	1.2598205350315064
0.19811283103547012	1.5822229409953597
0.20147150659985671	1.991513525061567
0.20488712295645675	1.6408559714334725
0.20836064544227734	2.573593380664162
0.21189305576001943	17.24246055379709
0.21548535225552995	34.76507384363946
0.2191385501999592	12.476497938821531
0.22285368207670214	31.698556811661213
0.22663179787320292	2.4496321412466036
0.23047396537770667	3.4646140042364446
0.23438127048104318	37.160388045193955
0.23835481748352697	6.708424861957878
0.24239572940705814	14.408113685081839
0.2465051483125168	4.094977055605568
0.25068423562253794	3.2437408379685673
0.2549341724497574	22.563274795724737
0.2592561599306229	4.33475658546309
0.263651419564865	2.057851849566853
0.26812119356072395	8.681111253201937
0.2726667451860265	1.6237531284210762
0.2772893591252171	20.708430590448994
0.281990341842442	14.802604430448811
0.2867710219507872	4.2152709388958485
0.29163275058777705	16.553664517821193
0.29657690179723906	22.48386436655326
0.301604872917643	2.188582115964331
0.3067180849770227	1.5316178214717153
0.3119179830945925	1.4470439805633895
0.3172060368891745	1.8237783394808398
0.3225837408945492	2.4403497767978064
0.32805261498184624	2.563358053589011
0.33361420478909765	4.198712732657573
0.33927008215807397	3.8363864119692765
0.34502184557852467	7.956945501304545
0.3508711206399501	4.416988239663626
0.3568195604910331	3.965497889929254
0.36286884630686106	1.9621747503625262
0.3690206877640648	4.723263428362557
0.37527682352401626	2.906126064761812
0.3816390217242176	3.359496739859385
0.38810908047801956	5.550450634951285
0.3946888283828117	2.7393347671196384
0.4013801250368295	2.909925961809957
0.4081848615647239	3.2865522598180577
0.4151049611520369	3.653826132985071
0.42214237958874223	4.464319054623525
0.4292991058220006	5.548766520495031
0.43657716251828405	5.643701159079931
0.4439786066350301	3.777862289417806
0.4515055300019897	2.934503679124537
0.45916005991243	2.5421590623147416
0.4669443597243591	2.225148600211993
0.4748606294719433	6.5516868227115115
0.4829111064872912	1.9313699629771819
0.49109806603278056	1.7942110667386069
0.49942382194410007	4.10854406729964
0.5078907272841978	5.979437518195959
0.5165011750083155	6.0298125929827435
0.5252575986402952	6.330882533914904
0.5341624729603521	6.160527704457803
0.5432183147045091	5.991844949353709
0.5524276832758899	5.8881190519611
0.5617931814680651	6.1246713316625465
0.5713174562006686	5.934959823962394
0.581003199267482	6.3468889370124515
0.5908531480972009	6.488947118152129
0.6008700865270983	6.065276180849731
0.6110568455898062	5.692979686176337
0.6214163043134371	5.629150854919744
0.6319513905352644	5.614157074266297
0.6426650817292021	5.73056754061629
0.6535604058473143	5.686198058997171
0.664640442175587	5.624403243246581
0.6759083222042086	5.615282299723046
0.687367230512607	5.617741997275578
0.6990204056694916	5.652340750140765
0.7108711411481512	5.700002287414303
0.722922786257268	5.656232200565591
0.7351787470875167	5.5701727012492945
0.7476424874742114	5.611898072234849
0.7603175299762654	5.692935138138521
0.7732074568717561	5.7961846454476
0.786315911170365	5.686064968313077
0.7996465976429815	5.757854946003828
0.8132032838687591	5.779137106720402
0.8269898012999282	5.80468583011081
0.8410100463446608	5.728191668915826
0.855267981468286	5.659195682507476
0.8697676363131823	5.745451337920735
0.8845131088376559	5.688195492996615
0.8995085664741215	5.670627717083634
0.9147582473069199	5.759080239410743
0.9302664612701064	5.682110479874002
0.9460375913655462	5.6824609285659395
0.9620760949016535	5.762848016959208
0.9783865047531382	5.72546082076372
0.9949734306421101	5.734192085950926
1.0118415604408977	5.790811946487297
1.0289956614969529	5.790981486427126
1.0464405819802236	5.767528935937511
1.064181252253368	5.785090128038204
1.0822226862651902	5.825544276335138
1.1005699829677078	5.785233769985097
1.1192283277572432	5.800661729321978
1.1382029939399423	5.902457325912229
1.157499344222137	5.949714614080987
1.1771228322259815	5.939589441238958
1.1970790040307793	6.012163709112774
1.2173734997404417	5.927548396463493
1.2380120550775158	5.920532539633313
1.259000503004244	5.941509762934197
1.280344775371104	5.949326543315698
1.3020509045932895	5.915140465560417
1.324125025355623	5.921278178629363
1.346573376346368	5.927640890949138
1.3694023020204367	5.960855267090579
1.3926182543924834	6.00533130682127
1.4162277948604052	5.990667003277953
1.4402375960597587	5.918155322347787
1.4646544437496023	5.891711557592964
1.489485238730322	5.875518001094236
1.51473699879397	5.858096878257641
1.5404168607076627	5.852771784665168
1.566532082230602	5.864531467579914
1.5930900441653	5.8668683976910465
1.6200982524435794	5.84321330017892
1.6475643402479245	5.811268036285807
1.6754960701688117	5.814951846861982
1.703901336398609	5.714396088261931
1.7327881669626681	5.687787566579421
1.7621647259882356	5.688521940847996
1.7920393160118402	5.6847854175798
1.8224203803257968	5.6603202141729705
1.853316505364485	5.636062433093196
1.8847364231310813	5.610888453511704
1.916689013665442	5.583121179279024
1.949183307553826	5.555674764459115
1.9822284884811492	5.529065019839802
2.015833895826523	5.5076598504237495
2.0500090273027984	5.490663805061555
2.0847635416408483	5.474320404991419
2.1201072613193555	5.458014974591402
2.1560501753408943	5.441765902243226
2.19260244205507	5.425500525067428
2.2297743920295074	5.408646477108131
2.2675765309695297	5.391531194905028
2.306019542687331	5.374489578581131
2.3451142921214814	5.357510594748707
2.3848718284076194	5.340599954070314
2.425303388001213	5.3234846122884125
2.466420397853267	5.306196519867855
2.5082344786398427	5.289315138435653
2.5507574480463564	5.273304406004551
2.594001324107549	5.257424688302523
2.6379783286040754	5.243362394922861
2.6827008905166734	5.229782879090349
2.7281816495389037	5.216245272047876
2.7744334596494413	5.202625922821038
2.821469392744924	5.184471596295663
2.8693027423343835	5.161284189193269
2.9179470272963197	5.135920778791438
2.967415995699482	5.109324086199753
3.0177236286883886	5.08532417995006
3.0688841444347537	5.065732280193539
3.1209120021558947	5.046160499552259
3.173821906201257	5.026647401927715
3.227628810208219	5.006230967289858
3.2823479213283613	4.985311902629604
3.3379947045253915	4.964823289591737
3.3945848869459034	4.938782624056774
3.452134462364263	4.878205540064726
3.5106596957028504	4.808581224061
3.5701771276289174	4.740436454817969
3.6307035792293805	4.686902414448954
3.6922561567648793	4.646768953630844
3.7548522565044355	4.605805245832979
3.8185095696420452	4.520012137190593
3.883246087296655	4.345396585387966
3.9490801055968987	4.173606749458458
4.0160302308520315	4.008780207545625
4.084115384810512	3.8466105857188744
4.15335481000777	3.69184223752549
4.223768075204623	3.5786151605179026
4.295375080917878	3.5202443140563395
4.368196065044701	3.464169831138667
4.442251608582351	3.416061376764773
4.517562641444888	3.375285779413769
4.594150448378453	3.3368700360894783
4.672036674976876	3.29589024470778
4.751243333799254	3.254589405437609
4.83179281059124	3.2160107029175715
4.913707870611789	3.1807846468454053
4.997011665067193	3.1462243924760034
5.081727737654187	3.113966126775938
5.167880031213956	3.08193012252183
5.255492894498976	3.0414352308175103
5.34459108905458	2.995860376503639
5.4351997962171765	2.9427896561460947
5.527344624231095	2.879853368256383
5.621051615486111	2.822660913561891
5.716347253877695	2.774966632629385
5.813258472291963	2.7304281491262548
5.911812660217597	2.6896117551333854
6.012037671486796	2.648963120595723
6.1139618321474405	2.6063501347666085
6.217613948468717	2.5650218638215767
6.323023315082487	2.5252774232727346
6.430219723262686	2.4865831293167706
6.53923346934505	2.448897207489719
6.650095363289597	2.406738951389732
6.762836737388284	2.3672228698111155
6.877489455120308	2.4019885667978307
6.994085920157464	2.475932578907322
7.112659085522235	2.4637110938617997
7.233242462901145	2.444374783913914
7.355870132115967	2.444576747681765
7.480576750755502	2.430282495836976
7.607397563970681	2.4041345987502702
7.736368414435725	2.3760980911802476
7.867525752478134	2.369026751956122
8.000906646380447	2.3809526895834963
8.13654879285668	2.377939828903628
8.274490527706323	2.373737943100618
8.414770836648957	2.3695314291848084
8.557429366342594	2.3669104021286644
8.702506435588823	2.3648175213128226
8.850043046727835	2.3611561381697754
9.000080897226729	2.357581415902172
9.152662391464244	2.3555142967620757
9.307830652715264	2.3536564722875033
9.4656295353385	2.352040095000799
9.626103637170822	2.3506129990669344
9.789298312131727	2.3493632889739082
9.955259683041426	2.347973156742427
10.124034654656292	2.3449963786560746
10.295670926925336	2.3404636656066913
10.470217008471352	2.333326961640968
10.64772223030063	2.32215235814763
10.828236759745124	2.310307879216928
11.011811614640994	2.297867299266873
11.19849867774748	2.281045586758435
11.388350711410215	2.2644870463059816
11.58142137247319	2.2472230711869647
11.777765227443524	2.2290861414074854
11.977437767913225	2.2108565265806766
12.180495426242514	2.1941608019442564
12.386995591509024	2.1801002548421247
12.596996625727332	2.1647464145925586
12.810557880343474	2.1478789853764946
13.027739713009142	2.1324785796168317
13.248603504640279	2.120313628239384
13.473211676764754	2.1083223103121758
13.701627709164256	2.0892412770630986
13.933916157815268	2.069200486901888
14.17014267313414	2.0547200616677586
14.410374018531483	2.0468442257566104
14.65467808928117	2.0368936118970207
14.903123931709256	2.0227354635193793
15.155781762708072	2.005436648651204
15.41272298958129	1.9861118212187647
15.674020230225409	1.9681632216277691
15.939747333653324	1.950412469760879
16.209979400865834	1.924488150957014
16.484792806077063	1.8965530928595684
16.764265218299727	1.870552685826428
17.048475623296255	1.8377678345317026
17.337504345902076	1.7915948965205168
17.63143307272744	1.7470143453977973
17.93034487524408	1.7041238172911766
18.234324233263173	1.6590405626514029
18.543457058811434	1.6141755824060928
18.857830720412014	1.5722453959179696
19.177534067776964	1.5323639079301972
19.502657456918286	1.4942968292303767
19.833292775684804	1.458990400206758
