Bin Center	Bin Value
1.0084766734865977e-06	162.11509357137126
1.025573728446591e-06	160.75812653426343
1.0429606357115412e-06	159.412517844483
1.0606423092481435e-06	158.07817242819957
1.0786237463312785e-06	156.75499600738775
1.096910028956362e-06	155.44289509316687
1.1155063252756382e-06	154.14177697919456
1.1344178910588306e-06	152.85154973511666
1.1536500711785527e-06	151.57212220007293
1.1732083011208957e-06	150.3034039762548
1.1930981085216315e-06	149.04530542251905
1.213325114728462e-06	147.79773764805387
1.2338950363897473e-06	146.56061250609895
1.2548136870701676e-06	145.33384258771653
1.276086978893783e-06	144.11734121561605
1.297720924214946e-06	142.91102243803033
1.3197216373175394e-06	141.71480102264184
1.3420953361430188e-06	140.52859245056118
1.3648483440477588e-06	139.3523129103551
1.3879870915901932e-06	138.1858792921255
1.4115181183482398e-06	137.02920918163625
1.4354480747675497e-06	135.88222085449078
1.4597837240410894e-06	134.74483327035836
1.484531944020583e-06	133.61696606724706
1.509699729160358e-06	132.49853955582677
1.5352941924941531e-06	131.389474713798
1.56132256764544e-06	130.28969318030963
1.5877922108718152e-06	129.19911725042107
1.6147106031440625e-06	128.11766986961277
1.6420853522604615e-06	127.04527462834173
1.669924194996937e-06	125.98185575664321
1.698234999293656e-06	124.92733811877638
1.727025766478706e-06	123.88164720791623
1.7563046335294701e-06	122.84470914088948
1.7860798753723282e-06	121.81645065295356
1.816359907221357e-06	120.79679909262087
1.8471532869566818e-06	119.78568241652508
1.8784687175431391e-06	118.78302918433157
1.9103150494899438e-06	117.78876855368898
1.942701283352064e-06	116.8028302752243
1.9756365722740036e-06	115.82514468757977
2.009130224576702e-06	114.8556427124901
2.043191706388287e-06	113.89425584990242
2.077830644319443e-06	112.9409161731362
2.1130568281841312e-06	111.99555632408406
2.148880213766419e-06	111.05810950845225
2.1853109256342356e-06	110.12850949104147
2.2223592600008277e-06	109.20669059106737
2.260035687634718e-06	108.2925876775193
2.2983508568189965e-06	107.38613616455879
2.33731559636079e-06	106.48727200695619
2.3769409186517584e-06	105.5959316955659
2.4172380227804506e-06	104.71205225283843
2.458218297697449e-06	103.83557122837135
2.499893325434172e-06	102.96642669449643
2.5422748843762352e-06	102.10455724190473
2.5853749525923086e-06	101.24990197530701
2.6292057112194152e-06	100.40240050913157
2.6737795479056283e-06	99.56199296325794
2.7191090603111086e-06	98.72861995878553
2.765207059668523e-06	97.9022226138385
2.812086574403813e-06	97.08274253940546
2.8597608538183485e-06	96.27012183521421
2.908243371833496e-06	95.46430308564031
2.9575478307986853e-06	94.66522935565064
3.007688165364037e-06	93.872844186781
3.0586785464186307e-06	93.0870915931464
3.1105333850955385e-06	92.30791605748581
3.1632673368447717e-06	91.53526252723947
3.216895305575281e-06	90.76907641065934
3.271432447867146e-06	90.00930357295152
3.326894177255208e-06	89.25589033245168
3.3832961685853226e-06	88.5087834568323
3.4406543624444367e-06	87.76793015934119
3.4989849696657957e-06	87.03327809507196
3.5583044759105364e-06	86.30477535726567
3.6186296463269256e-06	85.58237047364362
3.679977530288602e-06	84.86601240277001
3.7423654662131476e-06	84.15565053044598
3.8058110864623638e-06	83.45123466613339
3.870332322325599e-06	82.75271503940883
3.935947409087562e-06	82.06004229644662
4.0026748911820734e-06	81.37316749653208
4.070533627433186e-06	80.69204210860369
4.1395427963851244e-06	80.01661800782378
4.209721901722633e-06	79.34684747217851
4.2810907777831974e-06	78.6826831791063
4.3536695951627085e-06	78.02407820215367
4.427478866416158e-06	77.37098600766018
4.5025394518550016e-06	76.72336045147027
4.5788725654428015e-06	76.08115577567337
4.656499780790804e-06	75.44432660537035
4.735443037255164e-06	74.81282794546787
4.815724646137554e-06	74.18661517749919
4.897367296990898e-06	73.56564405647183
4.980394064031971e-06	72.9498707077411
5.0648284126627486e-06	72.3392516239103
5.150694206102325e-06	71.73374366175699
5.23801571213121e-06	71.1333040391842
5.3268176099500205e-06	70.53789033219802
5.417124997154431e-06	69.94746047190995
5.508963396828368e-06	69.36197274156486
5.602358764757438e-06	68.78138577359303
5.697337496764694e-06	68.20565854668757
5.793926436170743e-06	67.63475038290606
5.892152881380323e-06	67.06862094479663
5.9920445935974825e-06	66.5072302325475
6.093629804671601e-06	65.95053858116103
6.1969372250764114e-06	65.39850665765142
6.301996052024249e-06	64.85109545826522
6.408835977717925e-06	64.30826630572572
6.517487197742476e-06	63.76998084650041
6.627980419599171e-06	63.2362010480907
6.740346871384189e-06	62.706889196345045
6.854618310614458e-06	62.182007892794104
6.970827033203125e-06	61.66152005200862
7.089005882587156e-06	61.145388898978744
7.209188259009688e-06	60.633577966515965
7.331408128959766e-06	60.126051092676455
7.4557000347721344e-06	59.62277241820619
7.582099104389701e-06	59.12370638400704
7.710641061291574e-06	58.62881772862451
7.841362234589427e-06	58.13807148575651
7.974299569294943e-06	57.65143298178242
8.109490636761403e-06	57.168867833313584
8.2469736453023e-06	56.690341944763695
8.386787450989916e-06	56.2158215059401
8.528971568637e-06	55.74527298965457
8.673566182964624e-06	55.27866314935469
8.820612159959398e-06	54.81595901677466
8.970151058423186e-06	54.35712789960623
9.122225141718621e-06	53.90213737918844
9.276877389713784e-06	53.45095530821722
9.434151510929404e-06	53.00354980847426
9.594091954891897e-06	52.55988926857434
9.756743924695923e-06	52.11994234173187
9.922153389779922e-06	51.68367794354645
1.009036709891814e-05	51.25106524980604
1.0261432593433015e-05	50.822073694309495
1.0435398220631543e-05	50.39667296670679
1.0612313147469377e-05	49.97483301035735
1.079222737444664e-05	49.55652402020667
1.0975191749739265e-05	49.14171644068012
1.1161257983569949e-05	48.73038096359479
1.1350478662822769e-05	48.32248852608902
1.1542907265905469e-05	47.918010308568476
1.1738598177863784e-05	47.51691773267022
1.1937606705752042e-05	47.11918245924356
1.2139989094264214e-05	46.724776386347486
1.2345802541630085e-05	46.33367164726531
1.25551052157809e-05	45.9458406085358
1.276795627078901e-05	45.56125586800055
1.2984415863586297e-05	45.179890252868034
1.3204545170965955e-05	44.801716817793654
1.3428406406872572e-05	44.42670884297589
1.365606283998538e-05	44.0548398322686
1.3887578811599428e-05	43.686083511308674
1.4123019753810072e-05	43.32041382565974
1.4362452208005724e-05	42.95780493897139
1.4605943843673997e-05	42.59823123115357
1.4853563477526813e-05	42.24166729656637
1.5105381092949725e-05	41.888087942225255
1.5361467859780866e-05	41.53746818602069
1.5621896154425324e-05	41.189783254953305
1.5886739580310524e-05	40.84500858338344
1.6156072988688328e-05	40.50311981129546
1.6429972499789846e-05	40.16409278257676
1.6708515524338865e-05	39.827903543310754
1.6991780785430004e-05	39.49452834008456
1.7279848340777897e-05	39.163943618310824
1.7572799605343317e-05	38.836126020563206
1.787071737434314e-05	38.51105238492622
1.817368584665031e-05	38.18869974335882
1.8481790648590444e-05	37.869045320071386
1.8795118858141955e-05	37.55206652991658
1.911375902954649e-05	37.23774097679377
1.943780121833644e-05	36.926046452066366
1.976733700678692e-05	36.61696093299281
2.010245952979909e-05	36.31046258117054
2.0443263501222395e-05	36.006529740993024
2.0789845240623102e-05	35.70514093811972
2.1142302700506447e-05	35.40627487795866
2.150073549400046e-05	35.109910444161976
2.1865244923009176e-05	34.81602669713406
2.2235934006842876e-05	34.524602872551824
2.2612907511333957e-05	34.23561837989771
2.2996271978446405e-05	33.94905280100502
2.3386135756387007e-05	33.66488588861499
2.378260903022729e-05	33.38309756494644
2.4185803853044587e-05	33.10366792027709
2.4595834177590902e-05	32.82657721153683
2.5012815888498808e-05	32.5518058609129
2.5436866835033212e-05	32.27933445446644
2.58681068643985e-05	32.00914374076086
2.6306657855610375e-05	31.74121462950179
2.6752643753941705e-05	31.475528190188
2.720619060595257e-05	31.212065650774026
2.7667426595114205e-05	30.950808396343863
2.8136482078036625e-05	30.691737967795582
2.8613489621310677e-05	30.434836060537215
2.9098584038974685e-05	30.180084523193493
2.9591902430616117e-05	29.927465356323182
3.009358422011933e-05	29.67696071114751
3.060377119507013e-05	29.42855288828898
3.112260754682844e-05	29.18222433652081
3.165023991128045e-05	28.93795765152698
3.21868174102813e-05	28.695735574672327
3.273249169380069e-05	28.455540991783256
3.328741698278297e-05	28.21735693193863
3.385175011273356e-05	27.981166566270495
3.4425650578044646e-05	27.746953206775125
3.500928057707227e-05	27.51470030513404
3.5602805057977356e-05	27.284391451544597
3.620639176534429e-05	27.056010373560685
3.682021128758963e-05	26.829540934942955
3.74444371051745e-05	26.604967134518702
3.807924563963456e-05	26.382273105051386
3.872481630344087e-05	26.161443112119418
3.938133155070636e-05	25.94246155300449
4.0048976928751986e-05	25.72531295558925
4.0727941130546655e-05	25.509981977263973
4.1418416048036695e-05	25.296453403842605
4.2120596826379276e-05	25.084712148487895
4.283468191909501e-05	24.87474325064526
4.356087314415589e-05	24.66653187498585
4.4299375741024114e-05	24.460063310358397
4.505039842865766e-05	24.255322968749713
4.581415346449944e-05	24.052296384254007
4.659085670446638e-05	23.85096921205081
4.738072766395563e-05	23.65132722739143
4.818398957988521e-05	23.45335632459396
4.9000869473785896e-05	23.257042516046532
4.983159821596325e-05	23.062371931219086
5.06764105907474e-05	22.86933081568343
5.153554536284851e-05	22.677905530141253
5.240924534483774e-05	22.488082549460543
5.329775746577216e-05	22.299848461720014
5.420133284098267e-05	22.113189967261373
5.5120226843045515e-05	21.928093877749713
5.605469917395691e-05	21.744547115241662
5.70050139385311e-05	21.562536711261412
5.797143971904293e-05	21.382049805884353
5.895424965113561e-05	21.20307364682851
5.9953721501015705e-05	21.025595588553497
6.097013774395682e-05	20.84960309136713
6.20037856441337e-05	20.675083720539323
6.305495733581034e-05	20.502025145423563
6.412394990590445e-05	20.330415138585753
6.521106547795113e-05	20.160241574940162
6.631661129749061e-05	19.99149243089279
6.74408998189035e-05	19.824155783491918
6.858424879371796e-05	19.658219809585542
6.974698136041389e-05	19.493672784986114
7.092942613574999e-05	19.33050308364213
7.213191730763902e-05	19.168699176816713
7.335479472959735e-05	19.008249632273074
7.459840401679581e-05	18.84914311346669
7.586309664373918e-05	18.691368378744382
7.714923004360164e-05	18.534914280550066
7.845716770924578e-05	18.379769764637043
7.978727929595481e-05	18.225923869286984
8.113994072590647e-05	18.073365724535517
8.251553429441738e-05	17.92208455140408
8.391444877798925e-05	17.772069661138428
8.533707954418694e-05	17.623310454453367
8.678382866337875e-05	17.475796420783936
8.825510502237144e-05	17.32951713754267
8.975132443997161e-05	17.184462269383292
9.127290978450629e-05	17.040621567470406
9.28202910933363e-05	16.897984868755454
9.439390569439473e-05	16.75654209525853
9.599419832978691e-05	16.61628325335639
9.762162128148563e-05	16.477198433076378
9.927663449915664e-05	16.339277807396165
0.00010095970573015196	16.202511631549473
0.000102671310651707	16.06689024233756
0.00010441193300537818	15.932404057446428
0.00010618206473376047	15.799043574769836
0.00010798220611952227	15.666799371737904
0.0001098128659267977	15.535662104651346
0.00011167456154497583	15.405622508021342
0.00011356781913492733	15.276671393914809
0.00011549317377771094	15.14879965130533
0.00011745116962580011	15.021998245429305
0.000119442360056874	14.896258217147702
0.00012146730783021559	14.771570682312964
0.00012352658524576125	14.647926831141366
0.00012562077430584671	14.525317927590534
0.00012775046687969532	14.403735308742183
0.00012991626487069465	14.283170384190084
0.00013211878038650918	14.163614635433053
0.00013435863591207715	14.045059615273134
0.0001366364644855399	13.927496947218721
0.00013895290987715406	13.810918324892748
0.00014130862677123667	13.69531551144579
0.0001437042809511953	13.58068033897406
0.00014614054948769456	13.467004707942376
0.000148618120930013	13.35428058661181
0.000151137695500644	13.242500010472286
0.00015369998529319567	13.131655081679764
0.00015630571447364634	13.021737968498295
0.0001589556194850114	12.912740904746613
0.00016165044925548012	12.80465618924946
0.0001643909654100813	12.697476185293441
0.00016717794248593707	12.591193320087429
0.00017001216815116626	12.485800084227568
0.00017289444342749832	12.381289031166634
0.00017582558291666232	12.277652776687951
0.00017880641503061295	12.174883998383622
0.00018183778222566024	12.0729754351372
0.0001849205412405683	11.971919886610609
0.00018805556333869087	11.871710212735453
0.00019124373455421158	11.77233933320852
0.00019448595594255894	11.673800226991492
0.00019778314383506694	11.576085931814927
0.0002011362300979524	11.479189543686294
0.00020454616239568355	11.383104216402211
0.0002080139044588133	11.287823161064686
0.00021154043635635282	11.193339645601492
0.00021512675477276336	11.099646994290486
0.00021877387328964368	11.006738587287934
0.00022248282267219304	10.914607860160807
0.00022625465116053078	10.823248303422949
0.00023009042476595482	10.732653462075174
0.0002339912275722221	10.642816935149158
0.00023795816204193806	10.553732375255219
0.00024199234932813907	10.465393488133797
0.0002460949295911579	10.37779403221078
0.000250267062320861	10.290927818156478
0.0002545099266643491	10.204788708448303
0.00025882472175921256	10.119370616937175
0.0002632126670724374	10.034667508417446
0.0002676750027450568	9.95067339820053
0.000272212989942645	9.86738235169202
0.0002768279112117538	9.784788483972408
0.00028152107084239176	9.702885959381277
0.0002862937952366485	9.621668991104965
0.0002911474332835686	9.541131840767731
0.00029608335674038034	9.461268818026285
0.0003011029606201888	9.382074280167748
0.0003062076635862394	9.303542631710965
0.0003113989083528686	9.225668324011165
0.0003166781620932493	9.148445854867893
0.0003220469168540502	9.071869768136297
0.0003275066899771249	8.995934653341594
0.0003330590245283501	8.920635145296792
0.00033870548973373356	8.84596592372364
0.0003444476814229158	8.771921712876685
0.0003502872224801914	8.698497281170553
0.0003562257633031753	8.625687440810287
0.0003622649822692456	8.553487047424822
0.0003684065862098948	8.481890999703484
0.00037465231089312185	8.41089423903559
0.0003810039215140027	8.340491749153014
0.0003874632131935779	8.270678555775751
0.0003940320114861983	8.201449726260496
0.0004007121728954702	8.132800369252086
0.0004075055853989504	8.064725634337936
0.0004144141689817342	7.997220711705315
0.00042143987617909023	7.930280831801515
0.00042858469262829513	7.8639012649968665
0.0004358506376298232	7.798077321250544
0.00044323976471805033	7.73280434977922
0.00045075416224163326	7.66807773872844
0.0004583959539537282	7.603892914846796
0.00046616729961221495	7.540245343162775
0.0004740703955900987	7.477130526664378
0.00048210747549625794	7.414544005981343
0.0004902808108067176	7.352481359070102
0.0004985927115066238	7.290938200901332
0.0005070455267431023	7.229910183150116
0.0005156416454891852	7.169392993888735
0.0005243834972189932	7.109382357281995
0.0005332735525943647	7.049874033285127
0.0005423143241631259	6.990863817344197
0.0005515083670691978	6.932347540099047
0.0005608582797747427	6.87432106708869
0.0005703667047945538	6.816780298459217
0.0005800363294428943	6.7597211686741
0.0005898698865929987	6.703139646226945
0.0005998701554494499	6.64703173335666
0.0006100399623336496	6.591393465764974
0.0006203821814826074	6.536220912336361
0.0006308997358612702	6.481510174860267
0.0006415955979886241	6.427257387755697
0.0006524727907778005	6.373458717798094
0.0006635343883904261	6.320110363848483
0.0006747835171054565	6.267208556584926
0.0006862233562027389	6.214749558236188
0.0006978571388615554	6.162729662317648
0.0007096881530743971	6.111145193369416
0.000721719742576234	6.059992506696653
0.0007339553077895347	6.0092679881120326
0.0007463983067853096	5.9589680536804135
0.000759052256260447	5.909089149465594
0.0007719207325316177	5.859627751279208
0.0007850073725460303	5.810580364431743
0.0007983158749093201	5.7619435234855985
0.0008118500009308684	5.713713792010257
0.0008256135756868389	5.665887762339471
0.0008396104891012391	5.618462055330505
0.0008538446970453072	5.571433320125361
0.0008683202224555398	5.524798233914055
0.0008830411564706713	5.478553501699825
0.0008980116595879309	5.432695856066319
0.0009132359628389011	5.387222056946752
0.0009287183689853098	5.342128891394965
0.0009444632537350985	5.297413173358427
0.0009604750669791034	5.253071743453112
0.000976758334048704	5.209101468740285
0.0009933176569947924	5.16549924250514
0.0010101577158884273	5.12226198403729
0.0010272832701435355	5.079386638413107
0.0010446991598620384	5.036870176279873
0.0010624103072017859	4.994709593641748
0.0010804217177676776	4.952901911647507
0.0010987384820263695	4.911444176380092
0.0011173657767449654	4.870333458647883
0.0011363088664540976	4.829566853777749
0.001155573104935813	4.789141481409816
0.0011751639367366833	4.749054485293947
0.001195086898706568	4.709303033087951
0.0012153476215634612	4.669884316157445
0.0012359518314848752	4.630795549377425
0.0012569053517261955	4.592033970935471
0.0012782141042664767	4.5535968421366295
0.0012998841114821393	4.515481447209893
0.0013219214978490406	4.477685093116321
0.0013443324916734025	4.440205109358775
0.0013671234268520828	4.403038847793222
0.0013903007446626919	4.366183682441636
0.0014138709955840512	4.329637009306457
0.0014378408411475259	4.2933962461866155
0.001462217055819732	4.257458832495072
0.001487006528917169	4.221822229077905
0.0015122162665533096	4.186483918034919
0.0015378533936186989	4.151441402541723
0.0015639251557946247	4.116692206673335
0.0015904389216009206	4.082233875229226
0.0016174021844784967	4.048063973559879
0.001644822564907166	4.01418008739473
0.0016727078125593794	3.980579822671623
0.0017010658084904745	3.947260805367635
0.0017299045673660539	3.914220681331351
0.0017592322397271272	3.881457116116531
0.0017890571142936541	3.848967794817159
0.00181938762030714	3.816750421903902
0.0018502323299129445	3.7848027210618995
0.0018815999605829837	3.753122435029952
0.0019134993775794988	3.7217073254410122
0.0019459395964605988	3.6905551726640526
0.0019789297856282768	3.659663775647228
0.0020124792689196255	3.6290309517623576
0.002046597528241984	3.5986545366507223
0.0020812942062527554	3.56853238407013
0.0021165791090846623	3.538662365743286
0.0021524622091171927	3.509042371207405
0.0021889536477950485	3.479670307665111
0.002226063738494361	3.45054409983656
0.002263802969437506	3.42166168981282
0.0023021820066573316	3.3930210369104636
0.002341211697011642	3.3646201175273824
0.002380903071248787	3.3364569249998195
0.0024212673471252157	3.3085294694605736
0.0024623159325758994	3.2808357776984223
0.002504060428938488	3.2533738930186895
0.002546512634232132	3.22614187510501
0.002589684546491897	3.19913779988222
0.0026335883671596977	3.172359759380427
0.0026782365045327286	3.1458058616001976
0.002723641577270352	3.1194742303788705
0.0027698164179604406	3.0933630052580097
0.002816774076746179	3.0674703413519433
0.002864527825014361	3.0417944092174194
0.002913091159146204	3.0163333947243425
0.00296247780433176	2.9910854989276023
0.0030127017184489882	2.966048937939967
0.003063777096008598	2.9412219428060338
0.0031157183721657643	2.916602759377263
0.003168540226799852	2.892189648188017
0.0032222575886633196	2.867980884332678
0.0032768856396009427	2.8439747573437573
0.003332439818840581	2.8201695710710606
0.0033889358273566797	2.796563643561828
0.0034463896323077533	2.7731553069419124
0.003504817471549092	2.7499429072979265
0.0035642358582219833	2.7269248045603853
0.0036246615854207296	2.704099372387834
0.0036861117309387823	2.6814649980519305
0.0037486036620953556	2.6590200823235075
0.003812155040643852	2.6367630393595687
0.0038767838277635053	2.6146922965912514
0.0039425082891356555	2.592806294612713
0.004009347000106073	2.5711034870709435
0.004077318850934814	2.5495823405565248
0.004146443052135065	2.528241334495269
0.004216739139902512	2.5070789610407997
0.004288226981636735	2.486093724968001
0.0043609267815562435	2.4652841435673833
0.0044348590864086695	2.4446487465403144
0.004510044791277788	2.4241860758951415
0.004586505145488975	2.403894685844176
0.004664261758614799	2.3837731427015365
0.004743336606582408	2.36382002478186
0.004823752037884462	2.344033922299845
0.004905530779895379	2.324413437270652
0.004988695945294638	2.304957183411116
0.0050732710385989945	2.2856637860418156
0.00515927996280543	2.2665318819899296
0.005246747026146728	2.247560119492933
0.005335696948961579	2.2287471581030833
0.005426154870681148	2.2100916685927103
0.005518146356934106	2.1915923328603064
0.005611697406772088	2.173247843837385
0.005706834460017679	2.1550569053961435
0.005803584404736951	2.1370182322578715
0.005901974584838687	2.1191305499021516
0.006002032807802441	2.1013925944768013
0.006103787352537622	2.0838031127085768
0.006207266977375798	2.066360861814626
0.0063125009281985115	2.0490646094146734
0.006419518946702887	2.031913133443956
0.006528351278807347	2.014905222066869
0.006639028683199877	1.9980396735913508
0.006751582440031165	1.9813152963839709
0.006866044359755151	1.9647309087857423
0.006982446792119436	1.9482853390286277
0.007100822635308117	1.9319774251527457
0.007221205345239623	1.9158060149242802
0.007343628945022168	1.8997699657540603
0.007468128034569535	1.8838681446168402
0.007594737800379845	1.868099427971235
0.007723494025480133	1.8524627016803485
0.007854433099539503	1.8369568609330442
0.007987592029153752	1.82158081016589
0.008123008448304332	1.8063334629857515
0.008260720628994637	1.7912137420930296
0.008400767492066627	1.776220579205549
0.008543188618200779	1.7613529149830716
0.008688024259102596	1.7466096989524584
0.008835315348878707	1.7319898894334391
0.008985103515605851	1.7174924534650193
0.009137431093096001	1.703116366732494
0.009292341132860928	1.688860613495072
0.00944987741627962	1.6747241865141165
0.00961008446697198	1.660706086981968
0.009773007563382282	1.6468053244513852
0.009938692751575978	1.6330209167655552
0.010107186858253434	1.6234494216590647
0.010278537503984326	1.6161849588181998
0.010452793116666375	1.6087973390182213
0.01063000294521226	1.6012844743364674
0.010810217073468546	1.5939463831956675
0.010993486434370621	1.588929763194251
0.011179862824337635	1.583828094693318
0.011369398917911373	1.5786399358361465
0.0115621482826434	1.5733638203217173
0.01175816539423459	1.5698957456083187
0.01195750565193128	1.567701599846446
0.01216022539418243	1.5654702559701619
0.012366381914562269	1.5632010833469265
0.012576033477962906	1.5611499574160863
0.012789239337061348	1.5626021212480714
0.013006059749065789	1.5640789041173617
0.013226555992745814	1.56558072339904
0.013450790385751248	1.5671080035440907
0.013678826302224625	1.5711172637325914
0.013910728190712313	1.5772472335421313
0.01414656159237927	1.5834811268567865
0.014386393159532572	1.5898207055277993
0.014630290674458951	1.5964077084283226
0.01487832306858176	1.6085016530412175
0.01513056044194274	1.6208006304934075
0.01538707408301392	1.6333081167777603
0.01564793648884552	1.6460276468168558
0.015913221385555443	1.6625264448124908
0.016183003749166057	1.682839210343047
0.01645735982679421	1.7034963452356275
0.016736367158200583	1.7245036877035174
0.01702010459770437	1.7458671749372472
0.01730865233646935	1.7762753336429056
0.01760209192516793	1.807351798123369
0.017900506297029384	1.838955112688874
0.018203979791278812	1.8710942092117078
0.01851259817697342	4.330507117884924
0.018826448677242997	9.686815226115952
0.019145619993941376	15.1339306842005
0.019470202332715632	20.67339298064903
0.01980028742850048	26.306767703454188
0.020135968571444854	21.615910295227472
0.02047734063327794	16.177296950830936
0.020824500094122237	10.646480907353864
0.021177545069761234	5.021899020446061
0.021536575339369382	1.6778426439886982
0.021901692373712103	1.6009373730611693
0.022272999363823855	1.5227283003915386
0.022650601250172524	1.4431933221764777
0.023034604752318222	1.3623099598792405
0.023425118399074712	1.3154324359983862
0.023822252559182414	1.2718316245933854
0.024226119472501327	1.227491633504328
0.02463683328173276	1.1823999311615494
0.02505451006467877	1.144287333843037
0.02547926786704869	1.1184746289697456
0.025911226735821788	1.0922243123544235
0.026350508753175343	1.0655289650133661
0.026797238070988147	1.0383810421862654
0.027251540945928937	1.0204389862084147
0.027713545775139542	1.0038468771094078
0.028183383132523047	0.9869734762278284
0.02866118580564722	0.9698140147264835
0.02914708883327361	0.9552687739792332
0.029641229543522683	0.9463291771609285
0.030143747592686156	0.9372380242559624
0.030654785004697392	0.9279927458814109
0.031174486211270773	0.9185907290947132
0.03170299809272158	0.9108126999609777
0.032240470019478044	0.9033184229460716
0.03278705389429716	0.8956970928526197
0.03334290419519608	0.8879465557056962
0.03390817801911129	0.8803049846595535
0.03448303512629816	0.8731245503252704
0.03506763798548322	0.8658223835963008
0.03566215181978157	0.8583964207011191
0.03626674465339311	0.8508445628803643
0.03688158735909036	0.8438225322309829
0.03750685370651129	0.8368800179199567
0.03814272041127069	0.8298198047549492
0.038789367184904555	0.8226398973464499
0.03944697678566097	0.8155343424184663
0.04011573507015191	0.8089068759830146
0.040795831045880984	0.8021670518095292
0.04148745692466166	0.7953129650582917
0.042190808176941	0.7883426785961769
0.04290608358704426	0.7818219930948661
0.04363348530935635	0.7754057678829166
0.044373218925455746	0.7688807661786915
0.04512549350221661	0.7622451438565739
0.04589052165089637	0.7556432715305118
0.046668519587224955	0.7494990481837944
0.04745970719251261	0.7432506596867999
0.048264308075793586	0.7368963400915927
0.049082549637023715	0.7304342935115083
0.04991466313134927	0.7243599583575293
0.05076088373446526	0.7184139302592717
0.05162145060908174	0.7123670970835518
0.05249660697251718	0.7062177498469143
0.053386600165437795	0.7000759593307775
0.05429168172176177	0.6944088819006298
0.055212107439749095	0.6886457285404842
0.05614813745429652	0.6827848704417651
0.057100036310457944	0.6768246511821379
0.05806807303821126	0.6712079705213339
0.059052521228492916	0.6657463859757426
0.060053659110521615	0.6601922092923271
0.06107176963043235	0.6545438707244473
0.06210714053124414	0.6488736269663539
0.06316006443418334	0.643651392944564
0.06423083892138551	0.6383406245774281
0.06531976661999925	0.6329398209114698
0.06642715528771626	0.6274474555470277
0.0675533178997513	0.622244389880141
0.06869857273729645	0.6172112042175821
0.06986324347747515	0.6120926892121055
0.07104765928482162	0.6068873982457526
0.07225215490431065	0.601636092343142
0.07347707075596457	0.5968009317326322
0.07472275303106449	0.5918837989666205
0.0759895537899926	0.5868833043427142
0.07727783106173274	0.581798034598411
0.07858794894505827	0.5769422359995547
0.07992027771143562	0.5722578928871979
0.08127519390967182	0.5674941344807163
0.08265308047233633	0.562649614425073
0.0840543268239873	0.5577417179347401
0.08547932899123273	0.5532703914418349
0.08692848971465711	0.5487232609994647
0.08840221856264566	0.5440990414769727
0.08990093204713845	0.5393964259564353
0.09142505374134735	0.5348758189030159
0.09297501439946756	0.5305283486339987
0.09455125207841958	0.5261071741930544
0.0961542122616551	0.5216110460477844
0.09778434798506135	0.5170386934820317
0.09944211996499988	0.5128961836543316
0.10112799672851666	0.5086873276868461
0.10284245474575948	0.504407117523784
0.10458597856463961	0.5000543434727094
0.10635906094777714	0.49585792912653387
0.10816220301176807	0.49185089608246296
0.1099959143688119	0.4877759304168634
0.11186071327074038	0.483631880444431
0.11375712675548838	0.4794175749549412
0.1156856907960481	0.47559253575092736
0.11764695045194742	0.4717271917194715
0.11964146002329763	0.46779631716947956
0.12166978320745231	0.46379880113933314
0.12373249325832185	0.45992108036936785
0.12583017314838887	0.45622988845240947
0.12796341573347078	0.4524761184781378
0.1301328239202756	0.4486587095390352
0.13233901083679792	0.4447765827416494
0.13458260000560376	0.44121137770458063
0.13686422552005356	0.43762521958670275
0.13918453222351285	0.4339782640859523
0.14154417589160012	0.4302694804832017
0.14394382341752546	0.4266535630561092
0.14638415300057117	0.42322631600228927
0.14886585433776733	0.419740965640003
0.15138962881881685	0.41619652692370185
0.1539561897243255	0.4125919981080175
0.1565662624273933	0.4092739748113606
0.15922058459862143	0.40595462425736834
0.16191990641459691	0.4025789996017086
0.16466499076991092	0.39914614681000976
0.16745661349277144	0.39578262495904365
0.17029556356427086	0.3926081782912638
0.17318264334137182	0.38937991412767703
0.17611866878367344	0.38609692008160407
0.17910446968402055	0.38275826829835713
0.18214088990302393	0.37967239871330827
0.1852287876075565	0.3766018201399262
0.18836903551329195	0.3734791849825815
0.1915625211313552	0.3703036107079436
0.19481014701915514	0.36719495646902617
0.19811283103547012	0.36431696396647834
0.20147150659985671	0.36139017985844846
0.20488712295645675	0.3584137769639196
0.20836064544227734	0.35538691407838746
0.21189305576001943	0.3525614681276941
0.21548535225552995	0.34976031740877267
0.2191385501999592	0.3469116778097887
0.22285368207670214	0.34401474423528194
0.22663179787320292	0.34116413479921526
0.23047396537770667	0.33854208140308595
0.23438127048104318	0.3358755754259496
0.23835481748352697	0.333163863247777
0.24239572940705814	0.3304061784721565
0.2465051483125168	0.327929707668009
0.25068423562253794	0.32552950907548295
0.2549341724497574	0.32308861908341346
0.2592561599306229	0.32060634783638503
0.263651419564865	0.31814725778993475
0.26812119356072395	0.31588636133842957
0.2726667451860265	0.3135871351249116
0.2772893591252171	0.31124892933162596
0.281990341842442	0.3088710831242317
0.2867710219507872	0.3067460716266469
0.29163275058777705	0.3047153956835849
0.29657690179723906	0.3026502929866697
0.301604872917643	0.3005501798871987
0.3067180849770227	0.29857177458264056
0.3119179830945925	0.2973200306740427
0.3172060368891745	0.29604706551664073
0.3225837408945492	0.2947525193392407
0.32805261498184624	0.29343602627132226
0.33361420478909765	0.2928078923375191
0.33927008215807397	0.2925527563998595
0.34502184557852467	0.2922932950541236
0.3508711206399501	0.2920294349701672
0.3568195604910331	0.29234255638733603
0.36286884630686106	0.29658476201479633
0.3690206877640648	0.3008988872261906
0.37527682352401626	0.3052861512991795
0.3816390217242176	0.3097477941822613
0.38810908047801956	0.32547617505045967
0.3946888283828117	0.34872636364186244
0.4013801250368295	0.3723707207476505
0.4081848615647239	0.39641592884340837
0.4151049611520369	0.4181013002075308
0.42214237958874223	0.4110016938641488
0.4292991058220006	0.4037817254310534
0.43657716251828405	0.39643935436797717
0.4439786066350301	0.3889725055406627
0.4515055300019897	0.3715231162178851
0.45916005991243	0.34615822053606476
0.4669443597243591	0.320363304976812
0.4748606294719433	0.29413107926393856
0.4829111064872912	0.2683047182463357
0.49109806603278056	0.26036077238286787
0.49942382194410007	0.25228215004884036
0.5078907272841978	0.24406656802731772
0.5165011750083155	0.23571170439319838
0.5252575986402952	0.22888199649783433
0.5341624729603521	0.22346703647123378
0.5432183147045091	0.2179602747484556
0.5524276832758899	0.2123601549834931
0.5617931814680651	0.20666724930491046
0.5713174562006686	0.20191781417483637
0.581003199267482	0.19708786022307484
0.5908531480972009	0.19217602238610518
0.6008700865270983	0.18718091245800927
0.6110568455898062	0.18219169905621815
0.6214163043134371	0.1772165563654126
0.6319513905352644	0.17215706835432856
0.6426650817292021	0.167011805087486
0.6535604058473143	0.16177931238721155
0.664640442175587	0.15666985790523458
0.6759083222042086	0.15148280728840233
0.687367230512607	0.14620781880269473
0.6990204056694916	0.14084340160690995
0.7108711411481512	0.1354432944242924
0.722922786257268	0.13002309815995622
0.7351787470875167	0.12451101142768718
0.7476424874742114	0.11890547637650038
0.7603175299762654	0.11320490874462034
0.7732074568717561	0.1074669525279908
0.786315911170365	0.10163714142004905
0.7996465976429815	0.09570849550160616
0.8132032838687591	0.08967933919182669
0.8269898012999282	0.08357563242694825
0.8410100463446608	0.07741109070783596
0.855267981468286	0.07114203937402883
0.8697676363131823	0.06476670663776611
0.8845131088376559	0.05828329067355676
0.8995085664741215	0.05207341770257421
0.9147582473069199	0.04581393327780087
0.9302664612701064	0.039448329641700225
0.9460375913655462	0.03297480771846369
0.9620760949016535	0.027684101629874776
0.9783865047531382	0.024694486843594016
0.9949734306421101	0.02165418808052488
1.0118415604408977	0.018562346077623623
1.0289956614969529	0.01541808700446088
1.0464405819802236	0.014213259657001837
1.064181252253368	0.013395181043504296
1.0822226862651902	0.012563233259420778
1.1005699829677078	0.011717181175890117
1.1192283277572432	0.01144653462303161
1.1382029939399423	0.012493837491153055
1.157499344222137	0.013558895648183782
1.1771228322259815	0.01464201010569742
1.1970790040307793	0.015743486978420835
1.2173734997404417	0.017162855142491155
1.2380120550775158	0.018687040463350582
1.259000503004244	0.020237065826806185
1.280344775371104	0.021813369308065485
1.3020509045932895	0.022355197216425142
1.324125025355623	0.01997658180942161
1.346573376346368	0.017557640910107655
1.3694023020204367	0.015097690866419962
1.3926182543924834	0.012596036436104912
1.4162277948604052	0.01140543689575746
1.4402375960597587	0.010658798780578432
1.4646544437496023	0.00989950265036936
1.489485238730322	0.009127333909409448
1.51473699879397	0.008658501793320696
1.5404168607076627	0.009281396042215144
1.566532082230602	0.009914850433438704
1.5930900441653	0.010559043996748455
1.6200982524435794	0.011214158797054813
1.6475643402479245	0.014973933779270083
1.6754960701688117	0.02011169269746241
1.703901336398609	0.025336553825260164
1.7327881669626681	0.030649993836643595
1.7621647259882356	0.03429734497317524
1.7920393160118402	0.03006118648380992
1.8224203803257968	0.025753210929741487
1.853316505364485	0.021372200771352864
1.8847364231310813	0.016916917827655992
1.916689013665442	0.014204542615462135
1.949183307553826	0.012386866605390267
1.9822284884811492	0.010538374903234789
2.015833895826523	0.008658545079875367
2.0500090273027984	0.0070495291913105
2.0847635416408483	0.007294082090119698
2.1201072613193555	0.007542780979075706
2.1560501753408943	0.007795696146588067
2.19260244205507	0.008052899072690016
2.2297743920295074	0.009822917694383511
2.2675765309695297	0.012561997186267734
2.306019542687331	0.015347513243165379
2.3451142921214814	0.018180253120274686
2.3848718284076194	0.021193010475678887
2.425303388001213	0.02549617325624472
2.466420397853267	0.02987228904851112
2.5082344786398427	0.03432259465019871
2.5507574480463564	0.03884834782688846
2.594001324107549	0.0370437516450872
2.6379783286040754	0.03044593022388214
2.6827008905166734	0.02373625364685622
2.7281816495389037	0.016912825594741256
2.7744334596494413	0.010289959969450382
2.821469392744924	0.009104244483763037
2.8693027423343835	0.00789842715203534
2.9179470272963197	0.006672167180696414
2.967415995699482	0.005425117998584191
3.0177236286883886	0.004871051775680474
3.0688841444347537	0.0049385088436558556
3.1209120021558947	0.00500710953471041
3.173821906201257	0.005076873237083011
3.227628810208219	0.005152040847299838
3.2823479213283613	0.005587964811073472
3.3379947045253915	0.0060312791450588404
3.3945848869459034	0.006482109140766448
3.452134462364263	0.006940582213817214
3.5106596957028504	0.006979675141800295
3.5701771276289174	0.006571775323860321
3.6307035792293805	0.006156960238776506
3.6922561567648793	0.005735112649625495
3.7548522565044355	0.005306113331925855
3.8185095696420452	0.004963361312646463
3.883246087296655	0.004617809456554583
3.9490801055968987	0.004266399339949103
4.0160302308520315	0.003909031645706964
4.084115384810512	0.003805436960335453
4.15335481000777	0.004023277825659712
4.223768075204623	0.004244811822758729
4.295375080917878	0.004470101562576921
4.368196065044701	0.004699210717523753
4.442251608582351	0.006361932420929705
4.517562641444888	0.008167356276798115
4.594150448378453	0.010003388109728752
4.672036674976876	0.011870546827377138
4.751243333799254	0.013046173327446058
4.83179281059124	0.013170737113990229
4.913707870611789	0.01329741267362798
4.997011665067193	0.013426235807981307
5.081727737654187	0.013557242925629487
5.167880031213956	0.01296242925686303
5.255492894498976	0.012260981784324287
5.34459108905458	0.011547642429400037
5.4351997962171765	0.01082220958488221
5.527344624231095	0.009942767928426403
5.621051615486111	0.008797050195652856
5.716347253877695	0.0076319087126224035
5.813258472291963	0.00644701418175728
5.911812660217597	0.005242031722783751
6.012037671486796	0.005045893947441271
6.1139618321474405	0.00504246839922301
6.217613948468717	0.005038984776497231
6.323023315082487	0.005035442094706658
6.430219723262686	0.004925195947703378
6.53923346934505	0.004584354647174927
6.650095363289597	0.004237734945815826
6.762836737388284	0.003885238880391792
6.877489455120308	0.003526766826863982
6.994085920157464	0.003635634444898224
7.112659085522235	0.003866826103340869
7.233242462901145	0.0041019372341863725
7.355870132115967	0.004341034285610359
7.480576750755502	0.0045782645658924
7.607397563970681	0.004803947052872678
7.736368414435725	0.005033455613360477
7.867525752478134	0.005266855112107548
8.000906646380447	0.0055042115135402435
8.13654879285668	0.005027431373370024
8.274490527706323	0.0043086376686488435
8.414770836648957	0.00357765800484937
8.557429366342594	0.0028342857891790643
8.702506435588823	0.002295060493669535
8.850043046727835	0.002460104617517394
9.000080897226729	0.002627946791662734
9.152662391464244	0.0027986344524231163
9.307830652715264	0.002972215840320392
9.4656295353385	0.0030196691419672106
9.626103637170822	0.0030155881089502616
9.789298312131727	0.003011437888764568
9.955259683041426	0.0030072173084560515
10.124034654656292	0.002961637346591236
10.295670926925336	0.0027399379385478675
10.470217008471352	0.0025144799835162147
10.64772223030063	0.002285199761545045
10.828236759745124	0.0020520324724166757
11.011811614640994	0.001963832215941445
11.19849867774748	0.0019479144128533485
11.388350711410215	0.0019317267497264486
11.58142137247319	0.0019152646515298714
11.777765227443524	0.001898677286373119
11.977437767913225	0.001882692944864665
12.180495426242514	0.0018664376152684782
12.386995591509024	0.0018499067034294854
12.596996625727332	0.0018330955373063026
12.810557880343474	0.001815977824190117
13.027739713009142	0.001798557036555475
13.248603504640279	0.0017808409082635183
13.473211676764754	0.0017628244323016065
13.701627709164256	0.0017443269813196207
13.933916157815268	0.001724032441208709
14.17014267313414	0.001703393840717638
14.410374018531483	0.001682405346871401
14.65467808928117	0.001661061027806541
14.903123931709256	0.0016306697993252368
15.155781762708072	0.0015935574135220775
15.41272298958129	0.0015558158485653932
15.674020230225409	0.0015174344377626827
15.939747333653324	0.0014781129817221278
16.209979400865834	0.0014338547142611821
16.484792806077063	0.0013888461210355334
16.764265218299727	0.0013430744815121603
17.048475623296255	0.001296526859502416
17.337504345902076	0.001249698454459561
17.63143307272744	0.0012025082272246522
17.93034487524408	0.0011545179676936918
18.234324233263173	0.0011057141126415689
18.543457058811434	0.0010560629825905514
18.857830720412014	0.0010046495587017863
19.177534067776964	0.0009523645051987544
19.502657456918286	0.000899193045042174
19.833292775684804	0.0008451201506724807
