Bin Center	Bin Value
1.0084766734865977e-06	4674.135108888007
1.025573728446591e-06	4635.011119597415
1.0429606357115412e-06	4596.214153545729
1.0606423092481435e-06	4557.741745547164
1.0786237463312785e-06	4519.591866101322
1.096910028956362e-06	4481.761204309103
1.1155063252756382e-06	4444.246912269687
1.1344178910588306e-06	4407.046623909003
1.1536500711785527e-06	4370.158221320973
1.1732083011208957e-06	4333.5781454664875
1.1930981085216315e-06	4297.304339903191
1.213325114728462e-06	4261.334320020056
1.2338950363897473e-06	4225.665153502443
1.2548136870701676e-06	4190.294627467419
1.276086978893783e-06	4155.220338662941
1.297720924214946e-06	4120.439482885273
1.3197216373175394e-06	4085.949636082021
1.3420953361430188e-06	4051.7487695863083
1.3648483440477588e-06	4017.83390891177
1.3879870915901932e-06	3984.2031502106975
1.4115181183482398e-06	3950.8538106071223
1.4354480747675497e-06	3917.783505034982
1.4597837240410894e-06	3884.990158020976
1.484531944020583e-06	3852.4712219148155
1.509699729160358e-06	3820.2245857046382
1.5352941924941531e-06	3788.2477977893504
1.56132256764544e-06	3756.5385977200804
1.5877922108718152e-06	3725.0949234294026
1.6147106031440625e-06	3693.9143694406107
1.6420853522604615e-06	3662.994924228443
1.669924194996937e-06	3632.3342153074677
1.698234999293656e-06	3601.930067600834
1.727025766478706e-06	3571.7805109830474
1.7563046335294701e-06	3541.883466485208
1.7860798753723282e-06	3512.2368545036466
1.816359907221357e-06	3482.8381929686293
1.8471532869566818e-06	3453.6852727438163
1.8784687175431391e-06	3424.7761685264177
1.9103150494899438e-06	3396.10983442468
1.942701283352064e-06	3367.6831559341535
1.9756365722740036e-06	3339.4941419239844
2.009130224576702e-06	3311.5410093781165
2.043191706388287e-06	3283.822191335431
2.077830644319443e-06	3256.335211694581
2.1130568281841312e-06	3229.0784770335654
2.148880213766419e-06	3202.049824386781
2.1853109256342356e-06	3175.2473248103925
2.2223592600008277e-06	3148.669292614175
2.260035687634718e-06	3122.3136534520218
2.2983508568189965e-06	3096.178716804199
2.33731559636079e-06	3070.2624788196226
2.3769409186517584e-06	3044.5631078321308
2.4172380227804506e-06	3019.078950960251
2.458218297697449e-06	2993.808032894957
2.499893325434172e-06	2968.7487364357
2.5422748843762352e-06	2943.8991452704195
2.5853749525923086e-06	2919.2574875188966
2.6292057112194152e-06	2894.8221411836817
2.6737795479056283e-06	2870.5913827324503
2.7191090603111086e-06	2846.5634159330266
2.765207059668523e-06	2822.7367026481734
2.812086574403813e-06	2799.1095128663956
2.8597608538183485e-06	2775.6799157683777
2.908243371833496e-06	2752.4461346025555
2.9575478307986853e-06	2729.4071227221016
3.007688165364037e-06	2706.5610292179354
3.0586785464186307e-06	2683.9060451715995
3.1105333850955385e-06	2661.4404048830693
3.1632673368447717e-06	2639.163281683814
3.216895305575281e-06	2617.0725360468423
3.271432447867146e-06	2595.16652873892
3.326894177255208e-06	2573.4438320118334
3.3832961685853226e-06	2551.9032379351997
3.4406543624444367e-06	2530.542772003751
3.4989849696657957e-06	2509.361080351178
3.5583044759105364e-06	2488.3567674630467
3.6186296463269256e-06	2467.5282801971593
3.679977530288602e-06	2446.8739004201207
3.7423654662131476e-06	2426.3927635717
3.8058110864623638e-06	2406.0828942659946
3.870332322325599e-06	2385.9430001857804
3.935947409087562e-06	2365.9717157943505
4.0026748911820734e-06	2346.1675985415723
4.070533627433186e-06	2326.5292107336654
4.1395427963851244e-06	2307.05530433625
4.209721901722633e-06	2287.744338247761
4.2810907777831974e-06	2268.594951742206
4.3536695951627085e-06	2249.6059716194736
4.427478866416158e-06	2230.7758314968983
4.5025394518550016e-06	2212.1034107443616
4.5788725654428015e-06	2193.5872359624373
4.656499780790804e-06	2175.2259909966315
4.735443037255164e-06	2157.0185231264563
4.815724646137554e-06	2138.963405716434
4.897367296990898e-06	2121.059469438684
4.980394064031971e-06	2103.305409941802
5.0648284126627486e-06	2085.6999778583527
5.150694206102325e-06	2068.241980619872
5.23801571213121e-06	2050.9298729482484
5.3268176099500205e-06	2033.7627640448045
5.417124997154431e-06	2016.7394208947417
5.508963396828368e-06	1999.858541473442
5.602358764757438e-06	1983.1187513273405
5.697337496764694e-06	1966.5193964644338
5.793926436170743e-06	1950.0588928569516
5.892152881380323e-06	1933.7360824570294
5.9920445935974825e-06	1917.5498907971178
6.093629804671601e-06	1901.499330029333
6.1969372250764114e-06	1885.582948008759
6.301996052024249e-06	1869.7999191457368
6.408835977717925e-06	1854.148979832209
6.517487197742476e-06	1838.6289804401854
6.627980419599171e-06	1823.238889763897
6.740346871384189e-06	1807.977727669549
6.854618310614458e-06	1792.8442183783636
6.970827033203125e-06	1777.8374066494514
7.089005882587156e-06	1762.956226010696
7.209188259009688e-06	1748.1994935301439
7.331408128959766e-06	1733.5664641307806
7.4557000347721344e-06	1719.0558125513617
7.582099104389701e-06	1704.6666342756916
7.710641061291574e-06	1690.397919365645
7.841362234589427e-06	1676.2485474926125
7.974299569294943e-06	1662.2177526891176
8.109490636761403e-06	1648.3043335329571
8.2469736453023e-06	1634.5073683153005
8.386787450989916e-06	1620.8258978738884
8.528971568637e-06	1607.2589235543035
8.673566182964624e-06	1593.8055480018302
8.820612159959398e-06	1580.4649016503463
8.970151058423186e-06	1567.2359153503035
9.122225141718621e-06	1554.1175525391543
9.276877389713784e-06	1541.1088103003515
9.434151510929404e-06	1528.2091323715172
9.594091954891897e-06	1515.4175199131196
9.756743924695923e-06	1502.7328912938738
9.922153389779922e-06	1490.1543295906713
1.009036709891814e-05	1477.7328582132343
1.0261432593433015e-05	1465.4423062045582
1.0435398220631543e-05	1453.2303863440914
1.0612313147469377e-05	1441.112096435638
1.079222737444664e-05	1429.118767098632
1.0975191749739265e-05	1417.2261048471573
1.1161257983569949e-05	1405.4090551758613
1.1350478662822769e-05	1393.7068431086302
1.1542907265905469e-05	1382.1195140558837
1.1738598177863784e-05	1370.6043394568778
1.1937606705752042e-05	1359.19511547018
1.2139989094264214e-05	1347.8927227953016
1.2345802541630085e-05	1336.6707429730052
1.25551052157809e-05	1325.547426080254
1.276795627078901e-05	1314.5256220273338
1.2984415863586297e-05	1303.5875417640768
1.3204545170965955e-05	1292.7403886942352
1.3428406406872572e-05	1281.9966614867515
1.365606283998538e-05	1271.3309624172134
1.3887578811599428e-05	1260.7585385503012
1.4123019753810072e-05	1250.283791371915
1.4362452208005724e-05	1239.8808371325501
1.4605943843673997e-05	1229.586008953012
1.4853563477526813e-05	1219.3642378226336
1.5105381092949725e-05	1209.235151587644
1.5361467859780866e-05	1199.1910339106735
1.5621896154425324e-05	1189.2286456852237
1.5886739580310524e-05	1179.353637462873
1.6156072988688328e-05	1169.560479258845
1.6429972499789846e-05	1159.8493552308466
1.6708515524338865e-05	1150.2233630905248
1.6991780785430004e-05	1140.673687923649
1.7279848340777897e-05	1131.2122730873439
1.7572799605343317e-05	1121.8278508907488
1.787071737434314e-05	1112.545922205183
1.817368584665031e-05	1103.3259826343049
1.8481790648590444e-05	1094.1630413821654
1.8795118858141955e-05	1085.0815367418056
1.911375902954649e-05	1076.1010498901533
1.943780121833644e-05	1067.1890624180912
1.976733700678692e-05	1058.334201328963
2.010245952979909e-05	1049.560140247808
2.0443263501222395e-05	1040.8699131199057
2.0789845240623102e-05	1032.2486145398423
2.1142302700506447e-05	1023.7008967609811
2.150073549400046e-05	1015.2323902874267
2.1865244923009176e-05	1006.8251022376312
2.2235934006842876e-05	998.5012370394448
2.2612907511333957e-05	990.2392091349997
2.2996271978446405e-05	982.0525216225841
2.3386135756387007e-05	973.9370256413364
2.378260903022729e-05	965.885856915707
2.4185803853044587e-05	957.9086706672555
2.4595834177590902e-05	949.9951977601144
2.5012815888498808e-05	942.1518864405485
2.5436866835033212e-05	934.3745869860388
2.58681068643985e-05	926.6630227882165
2.6306657855610375e-05	919.0194962205946
2.6752643753941705e-05	911.4379101590853
2.720619060595257e-05	903.9263859405564
2.7667426595114205e-05	896.4789446915206
2.8136482078036625e-05	889.1099638032181
2.8613489621310677e-05	881.7893718560708
2.9098584038974685e-05	874.5149397573206
2.9591902430616117e-05	867.3184568767231
3.009358422011933e-05	860.1930371455265
3.060377119507013e-05	853.1178130338831
3.112260754682844e-05	846.0956259791043
3.165023991128045e-05	839.1459441257582
3.21868174102813e-05	832.2598236172545
3.273249169380069e-05	825.4211588175566
3.328741698278297e-05	818.6422121958126
3.385175011273356e-05	811.9347621475542
3.4425650578044646e-05	805.2765025991066
3.500928057707227e-05	798.6675965531186
3.5602805057977356e-05	792.1337761738904
3.620639176534429e-05	785.64963610493
3.682021128758963e-05	779.2131951222698
3.74444371051745e-05	772.8473391078712
3.807924563963456e-05	766.5307069649193
3.872481630344087e-05	760.2652427671726
3.938133155070636e-05	754.0612994173111
4.0048976928751986e-05	747.9084565796098
4.0727941130546655e-05	741.8080614570916
4.1418416048036695e-05	735.7657791053057
4.2120596826379276e-05	729.7730302189055
4.283468191909501e-05	723.8315809662427
4.356087314415589e-05	717.9491069336254
4.4299375741024114e-05	712.1095389561498
4.505039842865766e-05	706.3312541244092
4.581415346449944e-05	700.5982198361032
4.659085670446638e-05	694.9192718050642
4.738072766395563e-05	689.2911968925711
4.818398957988521e-05	683.711220576891
4.9000869473785896e-05	678.1836733896475
4.983159821596325e-05	672.7055082195412
5.06764105907474e-05	667.2819030766652
5.153554536284851e-05	661.9074552663852
5.240924534483774e-05	656.5706602901276
5.329775746577216e-05	651.2812477157801
5.420133284098267e-05	646.0529687783687
5.5120226843045515e-05	640.8660366067261
5.605469917395691e-05	635.7164136269072
5.70050139385311e-05	630.6293203800705
5.797143971904293e-05	625.587724018992
5.895424965113561e-05	620.581882211953
5.9953721501015705e-05	615.6327227548683
6.097013774395682e-05	610.730021487555
6.20037856441337e-05	605.8660179661514
6.305495733581034e-05	601.0526267408164
6.412394990590445e-05	596.2870791483633
6.521106547795113e-05	591.5615013775447
6.631661129749061e-05	586.8828320524158
6.74408998189035e-05	582.2531327039802
6.858424879371796e-05	577.6610121942268
6.974698136041389e-05	573.1205040979065
7.092942613574999e-05	568.6220068705157
7.213191730763902e-05	564.1642449636314
7.335479472959735e-05	559.7593309678102
7.459840401679581e-05	555.3903261602137
7.586309664373918e-05	551.0714622653322
7.714923004360164e-05	546.7931091885517
7.845716770924578e-05	542.5596716843158
7.978727929595481e-05	538.370425049579
8.113994072590647e-05	534.2238745381677
8.251553429441738e-05	530.1217864002856
8.391444877798925e-05	526.0634165401825
8.533707954418694e-05	522.047906512577
8.678382866337875e-05	518.0786866756705
8.825510502237144e-05	514.1566169059605
8.975132443997161e-05	510.2882070559384
9.127290978450629e-05	506.4504147628079
9.28202910933363e-05	502.6430079943283
9.439390569439473e-05	498.8939021251819
9.599419832978691e-05	495.1980896106472
9.762162128148563e-05	491.53803504641246
9.927663449915664e-05	487.91304674148313
0.00010095970573015196	484.2255312108683
0.000102671310651707	480.46257875527243
0.00010441193300537818	476.68049453191406
0.00010618206473376047	472.9071850063785
0.00010798220611952227	469.2829887723993
0.0001098128659267977	465.68055267459187
0.00011167456154497583	462.0672866908011
0.00011356781913492733	458.5421789106804
0.00011549317377771094	455.10792620906193
0.00011745116962580011	451.6569457982438
0.000119442360056874	448.28236124171303
0.00012146730783021559	444.99493170355646
0.00012352658524576125	441.71143700259086
0.00012562077430584671	438.48741357711776
0.00012775046687969532	435.3731566071308
0.00012991626487069465	432.2657008030581
0.00013211878038650918	429.2190165893652
0.00013435863591207715	426.27815309753316
0.0001366364644855399	423.3486456748866
0.00013895290987715406	420.4988971441046
0.00014130862677123667	417.7310951730176
0.0001437042809511953	415.0131194697333
0.00014614054948769456	412.4009910870998
0.000148618120930013	409.8412391692647
0.000151137695500644	407.36814656699414
0.00015369998529319567	404.9972099723957
0.00015630571447364634	402.689445963188
0.0001589556194850114	400.49697994994597
0.00016165044925548012	398.3885050026542
0.0001643909654100813	396.3923718518592
0.00016717794248593707	394.5033009325133
0.00017001216815116626	392.7381657349046
0.00017289444342749832	391.10028303697163
0.00017582558291666232	389.60333621003883
0.00017880641503061295	388.30390550563726
0.00018183778222566024	387.13443677068705
0.0001849205412405683	386.1003641625346
0.00018805556333869087	385.2643166451455
0.00019124373455421158	384.69472094929523
0.00019448595594255894	384.3402021660216
0.00019778314383506694	384.2034634148137
0.0002011362300979524	384.3724879149582
0.00020454616239568355	384.8922188658103
0.0002080139044588133	385.74193795585006
0.00021154043635635282	387.026360501196
0.00021512675477276336	388.7895757544182
0.00021877387328964368	391.1653408488327
0.00022248282267219304	394.57853918080224
0.00022625465116053078	414.29409537288717
0.00023009042476595482	506.88571345224796
0.0002339912275722221	451.7061897840097
0.00023795816204193806	414.05654939893213
0.00024199234932813907	421.28668492282526
0.0002460949295911579	430.49561508095223
0.000250267062320861	441.76978108683033
0.0002545099266643491	455.45476290925154
0.00025882472175921256	472.13346104228856
0.0002632126670724374	492.5764859868503
0.0002676750027450568	517.803319198903
0.000272212989942645	549.2419873615999
0.0002768279112117538	588.8907623819312
0.00028152107084239176	639.4963258039154
0.0002862937952366485	706.235469476023
0.0002911474332835686	796.6588003998485
0.00029608335674038034	921.6850287074712
0.0003011029606201888	1100.764319699555
0.0003062076635862394	1368.4153893622713
0.0003113989083528686	1789.8468547412233
0.0003166781620932493	2492.111221342212
0.0003220469168540502	3712.6856874726063
0.0003275066899771249	5700.839454333076
0.0003330590245283501	7948.117541231351
0.00033870548973373356	8670.080833441876
0.0003444476814229158	6612.84502338558
0.0003502872224801914	4074.06087540777
0.0003562257633031753	2739.6972750310724
0.0003622649822692456	2205.225828843188
0.0003684065862098948	1228.459199796954
0.00037465231089312185	932.618938586458
0.0003810039215140027	742.4450167856861
0.0003874632131935779	613.6597437522521
0.0003940320114861983	522.8871650336872
0.0004007121728954702	456.7200973385729
0.0004075055853989504	407.02657527838204
0.0004144141689817342	368.734218164777
0.00042143987617909023	338.5813153876685
0.00042858469262829513	314.3878571484792
0.0004358506376298232	294.64566025092756
0.00044323976471805033	278.267357149898
0.00045075416224163326	264.53411463508456
0.0004583959539537282	252.94060304414708
0.00046616729961221495	242.93840016189952
0.0004740703955900987	234.1785779554382
0.00048210747549625794	226.43327456742998
0.0004902808108067176	219.56127087401254
0.0004985927115066238	213.3872205565223
0.0005070455267431023	207.82598609615331
0.0005156416454891852	202.76683138081455
0.0005243834972189932	198.1095656234027
0.0005332735525943647	193.82720010369113
0.0005423143241631259	189.88231443234807
0.0005515083670691978	186.18611717865363
0.0005608582797747427	182.70905019940693
0.0005703667047945538	179.4877812529593
0.0005800363294428943	176.44746080853204
0.0005898698865929987	173.55017386611416
0.0005998701554494499	170.80946733149207
0.0006100399623336496	168.2085565978888
0.0006203821814826074	165.70468543615738
0.0006308997358612702	163.32308255672953
0.0006415955979886241	161.04561189584217
0.0006524727907778005	158.84153281130094
0.0006635343883904261	156.74515409243327
0.0006747835171054565	154.72548068820595
0.0006862233562027389	152.7668289141825
0.0006978571388615554	150.89948779297515
0.0007096881530743971	149.09448390270984
0.000721719742576234	147.36006681354976
0.0007339553077895347	145.7066767439846
0.0007463983067853096	144.10975486238155
0.000759052256260447	142.59992782803772
0.0007719207325316177	141.15914341999505
0.0007850073725460303	139.79347022919418
0.0007983158749093201	138.53383681355393
0.0008118500009308684	137.35438557039262
0.0008256135756868389	136.29620807302663
0.0008396104891012391	135.35407187842088
0.0008538446970453072	134.57428356102213
0.0008683202224555398	133.9726768982047
0.0008830411564706713	133.6108932001341
0.0008980116595879309	133.5327171433509
0.0009132359628389011	133.8832634807981
0.0009287183689853098	134.78634112556836
0.0009444632537350985	136.44723425763894
0.0009604750669791034	139.32608627029754
0.000976758334048704	144.0891752710289
0.0009933176569947924	152.04251061358633
0.0010101577158884273	166.05548499140951
0.0010272832701435355	193.028027509632
0.0010446991598620384	254.9390248567668
0.0010624103072017859	467.9744814910489
0.0010804217177676776	1460.0139197896658
0.0010987384820263695	3736.20040412422
0.0011173657767449654	1391.0823680709218
0.0011363088664540976	20193.145057276237
0.001155573104935813	42311.602339348254
0.0011751639367366833	536.483395514273
0.001195086898706568	213.3586820473626
0.0012153476215634612	158.67968198666748
0.0012359518314848752	136.61193337794668
0.0012569053517261955	124.84128032768075
0.0012782141042664767	118.80514017919904
0.0012998841114821393	124.63758782319374
0.0013219214978490406	112.44607159160591
0.0013443324916734025	376.49946018953034
0.0013671234268520828	253.02810735167785
0.0013903007446626919	104.81238941964979
0.0014138709955840512	101.16011991916508
0.0014378408411475259	99.54048485403997
0.001462217055819732	98.41426007595324
0.001487006528917169	97.61983076708793
0.0015122162665533096	97.20237031710384
0.0015378533936186989	97.34386227688913
0.0015639251557946247	98.93035463522364
0.0015904389216009206	110.7666611925259
0.0016174021844784967	9372.169106528307
0.001644822564907166	974.284001243262
0.0016727078125593794	1001.0528610470387
0.0017010658084904745	100.30640867037738
0.0017299045673660539	96.64028656685677
0.0017592322397271272	96.07869737566152
0.0017890571142936541	96.33286918389342
0.00181938762030714	97.10767116588687
0.0018502323299129445	98.29771542351082
0.0018815999605829837	99.9388835588606
0.0019134993775794988	102.10861264214293
0.0019459395964605988	104.90385149847128
0.0019789297856282768	108.47373704573009
0.0020124792689196255	113.01307705127053
0.002046597528241984	118.78249337570772
0.0020812942062527554	126.06569027565754
0.0021165791090846623	135.17201564388304
0.0021524622091171927	146.32824114139822
0.0021889536477950485	159.8064788637826
0.002226063738494361	243.7126412437569
0.002263802969437506	1274.1588444621857
0.0023021820066573316	192.1207273413311
0.002341211697011642	270.99331173217473
0.002380903071248787	207.76049668237755
0.0024212673471252157	164.25942874250418
0.0024623159325758994	148.88567963105598
0.002504060428938488	134.87457089438539
0.002546512634232132	123.20605896484736
0.002589684546491897	113.97751568545026
0.0026335883671596977	106.90993008136448
0.0026782365045327286	101.59936031591168
0.002723641577270352	97.6707576913187
0.0027698164179604406	94.8432023865933
0.002816774076746179	93.86523212957552
0.002864527825014361	91.77450329025274
0.002913091159146204	90.97367630381932
0.00296247780433176	90.81775411408076
0.0030127017184489882	91.1337182970351
0.003063777096008598	91.97986194280939
0.0031157183721657643	123.75775296752413
0.003168540226799852	97.69399761623202
0.0032222575886633196	102.19419819689514
0.0032768856396009427	205.60461891038773
0.003332439818840581	168.5017992626486
0.0033889358273566797	108.56294285829298
0.0034463896323077533	108.85550184312862
0.003504817471549092	112.81022418003076
0.0035642358582219833	118.3365656133214
0.0036246615854207296	125.73329518954709
0.0036861117309387823	136.18395273156133
0.0037486036620953556	152.36310154713664
0.003812155040643852	180.52589180801962
0.0038767838277635053	227.99628667748425
0.0039425082891356555	264.1789187036812
0.004009347000106073	237.53838742319945
0.004077318850934814	199.61752233110818
0.004146443052135065	183.6542502698193
0.004216739139902512	179.54417797882317
0.004288226981636735	180.64074541684295
0.0043609267815562435	176.55422544341755
0.0044348590864086695	175.98697278251183
0.004510044791277788	174.93961683980783
0.004586505145488975	173.3403727193211
0.004664261758614799	171.44122077847183
0.004743336606582408	253.04450230120455
0.004823752037884462	168.51935991641398
0.004905530779895379	316.5200857417197
0.004988695945294638	284.392005678361
0.0050732710385989945	170.17797555708927
0.00515927996280543	173.4980638291873
0.005246747026146728	178.96201732034677
0.005335696948961579	187.42958986030783
0.005426154870681148	207.5164008144357
0.005518146356934106	353.2244542292304
0.005611697406772088	285.6348087367118
0.005706834460017679	316.20810353242734
0.005803584404736951	264.5232196388612
0.005901974584838687	235.38000266579488
0.006002032807802441	240.4361979979291
0.006103787352537622	278.0532247146809
0.006207266977375798	300.63950404657214
0.0063125009281985115	311.15393713793645
0.006419518946702887	309.6066539018525
0.006528351278807347	240.38390263160096
0.006639028683199877	191.4771575145153
0.006751582440031165	189.54017779504352
0.006866044359755151	267.1691124886654
0.006982446792119436	236.87285476215342
0.007100822635308117	382.70526380522415
0.007221205345239623	407.0443070287578
0.007343628945022168	234.6890187918
0.007468128034569535	251.46983012118145
0.007594737800379845	273.1174395540589
0.007723494025480133	264.4702461815495
0.007854433099539503	392.22362332253164
0.007987592029153752	244.65127289309353
0.008123008448304332	223.50948726989066
0.008260720628994637	198.31975019564794
0.008400767492066627	174.85228230563698
0.008543188618200779	161.35408892323318
0.008688024259102596	200.62707292297137
0.008835315348878707	167.24233030728615
0.008985103515605851	132.95572360070423
0.009137431093096001	90.83425507426676
0.009292341132860928	93.60343736911747
0.00944987741627962	591.5196684235697
0.00961008446697198	77.09374899206763
0.009773007563382282	55.866641060070485
0.009938692751575978	55.94917034371994
0.010107186858253434	58.03141737740077
0.010278537503984326	77.61016130857185
0.010452793116666375	67.58525707434268
0.01063000294521226	62.85023318015815
0.010810217073468546	60.254553393732365
0.010993486434370621	99.82419545263205
0.011179862824337635	524.4916561111214
0.011369398917911373	70.38613011778584
0.0115621482826434	82.79081164999799
0.01175816539423459	83.71068946066943
0.01195750565193128	126.27630094806375
0.01216022539418243	218.98094671431738
0.012366381914562269	125.02864002700227
0.012576033477962906	158.9640266923216
0.012789239337061348	196.84619166935153
0.013006059749065789	114.56034247223326
0.013226555992745814	598.006903942617
0.013450790385751248	144.59006157659465
0.013678826302224625	825.1652670081572
0.013910728190712313	199.16881483971554
0.01414656159237927	196.66264657503234
0.014386393159532572	247.71559932388232
0.014630290674458951	187.16335811213438
0.01487832306858176	139.72699217991618
0.01513056044194274	144.28462643528442
0.01538707408301392	135.50108613429097
0.01564793648884552	105.48394094060718
0.015913221385555443	88.3091610123365
0.016183003749166057	67.2056993047377
0.01645735982679421	43.87646226395814
0.016736367158200583	37.27948455802245
0.01702010459770437	28.986158485999624
0.01730865233646935	42.06071486367653
0.01760209192516793	110.17277886240784
0.017900506297029384	111.9035329664929
0.018203979791278812	78.62757442210453
0.01851259817697342	58.10609251713444
0.018826448677242997	38.535091863147414
0.019145619993941376	78.23227573957226
0.019470202332715632	34.531135778831406
0.01980028742850048	87.34290548767682
0.020135968571444854	157.19685750937154
0.02047734063327794	40.833540017146866
0.020824500094122237	128.25007450376643
0.021177545069761234	252.34379038658068
0.021536575339369382	27.72426161712424
0.021901692373712103	15.900833079408224
0.022272999363823855	26.480372272976798
0.022650601250172524	305.5982762324076
0.023034604752318222	645.5746051032589
0.023425118399074712	28.39477169825991
0.023822252559182414	153.94535317834354
0.024226119472501327	38.76212984276387
0.02463683328173276	45.357913069788765
0.02505451006467877	44.39722244448925
0.02547926786704869	50.24652905140191
0.025911226735821788	176.71487423914274
0.026350508753175343	181.3596359167446
0.026797238070988147	281.936647550875
0.027251540945928937	269.2637630465698
0.027713545775139542	537.5724053345887
0.028183383132523047	293.77851580926665
0.02866118580564722	216.48017284964504
0.02914708883327361	120.65754708381081
0.029641229543522683	73.05158749452048
0.030143747592686156	103.38897384827153
0.030654785004697392	110.44640279016944
0.031174486211270773	28.308754225052883
0.03170299809272158	139.94772644598675
0.032240470019478044	252.64213421307866
0.03278705389429716	99.4975369180729
0.03334290419519608	48.92965917140102
0.03390817801911129	899.6936759727015
0.03448303512629816	175.59326714334767
0.03506763798548322	53.09876109280771
0.03566215181978157	51.40523639893322
0.03626674465339311	334.94823529197333
0.03688158735909036	232.0417191174448
0.03750685370651129	25.63802939092134
0.03814272041127069	244.30492053610632
0.038789367184904555	168.59383929257976
0.03944697678566097	165.44448952867674
0.04011573507015191	13.762939462288807
0.040795831045880984	25.17333722764747
0.04148745692466166	23.163302327844857
0.042190808176941	21.9638302028434
0.04290608358704426	45.533082341015785
0.04363348530935635	16.58250828456441
0.044373218925455746	20.719795251951105
0.04512549350221661	9.5795957772444
0.04589052165089637	295.66893402714834
0.046668519587224955	110.85073419784646
0.04745970719251261	57.31785487652833
0.048264308075793586	262.5193252226732
0.049082549637023715	15.319313596180912
0.04991466313134927	82.64344062521197
0.05076088373446526	43.30203907013752
0.05162145060908174	275.17323555910957
0.05249660697251718	355.4432404856446
0.053386600165437795	197.00320572914012
0.05429168172176177	115.6922063242395
0.055212107439749095	40.68316429476635
0.05614813745429652	32.761951677976285
0.057100036310457944	39.56593990032942
0.05806807303821126	139.04068005324027
0.059052521228492916	350.1564544904571
0.060053659110521615	61.41486452441103
0.06107176963043235	34.138491237805276
0.06210714053124414	68.8871746056106
0.06316006443418334	204.376156514616
0.06423083892138551	108.12668997083564
0.06531976661999925	50.91237372825783
0.06642715528771626	61.98529644053163
0.0675533178997513	29.402352977510162
0.06869857273729645	29.007961075931696
0.06986324347747515	52.30577403145935
0.07104765928482162	25.817376682846586
0.07225215490431065	139.82413451031456
0.07347707075596457	223.41770456642968
0.07472275303106449	73.04513000253768
0.0759895537899926	23.350450495513645
0.07727783106173274	93.96093855748516
0.07858794894505827	37.0881137734524
0.07992027771143562	46.4458707831855
0.08127519390967182	489.60775394461416
0.08265308047233633	105.76149278494837
0.0840543268239873	123.03142864489683
0.08547932899123273	43.353509772262164
0.08692848971465711	29.91398629653245
0.08840221856264566	29.081524525898583
0.08990093204713845	156.90376387899042
0.09142505374134735	57.2100196580682
0.09297501439946756	342.8126728675336
0.09455125207841958	100.16004258488952
0.0961542122616551	402.39898882902156
0.09778434798506135	84.97395093660748
0.09944211996499988	50.12771566653659
0.10112799672851666	92.58571969812827
0.10284245474575948	140.8191385024351
0.10458597856463961	97.35155450199044
0.10635906094777714	214.87767597307325
0.10816220301176807	89.8428506720391
0.1099959143688119	61.55661225502053
0.11186071327074038	123.63189873555109
0.11375712675548838	138.03880183983608
0.1156856907960481	15.836566711677062
0.11764695045194742	29.202774006229856
0.11964146002329763	54.31913759703742
0.12166978320745231	116.16803614052851
0.12373249325832185	231.42423573769727
0.12583017314838887	83.64356577755117
0.12796341573347078	22.376536984259978
0.1301328239202756	177.90022932657885
0.13233901083679792	58.440184375186206
0.13458260000560376	19.503879388032114
0.13686422552005356	66.44638408716476
0.13918453222351285	129.36083464769467
0.14154417589160012	113.32795329126037
0.14394382341752546	73.40465222505546
0.14638415300057117	30.190973616573622
0.14886585433776733	50.71142206573095
0.15138962881881685	45.54306298284996
0.1539561897243255	63.53562028161904
0.1565662624273933	29.278126055597525
0.15922058459862143	46.70423177391733
0.16191990641459691	103.11039214778017
0.16466499076991092	40.71458451942659
0.16745661349277144	109.95009544662406
0.17029556356427086	75.33717220975669
0.17318264334137182	62.81713647751034
0.17611866878367344	42.085002345216395
0.17910446968402055	41.186855839654974
0.18214088990302393	168.3480694970586
0.1852287876075565	63.61945293614672
0.18836903551329195	72.21324247557126
0.1915625211313552	88.61737938494919
0.19481014701915514	58.82473218610043
0.19811283103547012	59.35071989173932
0.20147150659985671	78.27091201139366
0.20488712295645675	83.21533732692771
0.20836064544227734	70.15307214367964
0.21189305576001943	56.80306601993299
0.21548535225552995	56.63926904360114
0.2191385501999592	48.285099589329725
0.22285368207670214	78.89969225848132
0.22663179787320292	58.28063772398871
0.23047396537770667	73.46820675129217
0.23438127048104318	130.30566053467618
0.23835481748352697	51.130243658024355
0.24239572940705814	121.09379662474589
0.2465051483125168	62.05812030087775
0.25068423562253794	39.29092098523272
0.2549341724497574	95.15471619857031
0.2592561599306229	56.47406896336053
0.263651419564865	53.002688403436814
0.26812119356072395	44.44333098379277
0.2726667451860265	38.85700921745028
0.2772893591252171	49.428370366244444
0.281990341842442	73.15105675347158
0.2867710219507872	87.49706226676173
0.29163275058777705	73.16391641019052
0.29657690179723906	37.047393500437614
0.301604872917643	59.73167183970519
0.3067180849770227	60.71255350054147
0.3119179830945925	66.89947638196156
0.3172060368891745	63.03442328279403
0.3225837408945492	35.67591261458412
0.32805261498184624	88.76754303247807
0.33361420478909765	69.75085481379114
0.33927008215807397	64.95529812641861
0.34502184557852467	71.33097506126282
0.3508711206399501	62.07235758698791
0.3568195604910331	66.5240224920888
0.36286884630686106	45.72321699705474
0.3690206877640648	42.738444413098186
0.37527682352401626	46.22699098546647
0.3816390217242176	55.5087484223442
0.38810908047801956	31.661044942745974
0.3946888283828117	27.19744598399359
0.4013801250368295	49.47846160330107
0.4081848615647239	32.99959262461859
0.4151049611520369	35.191260640689315
0.42214237958874223	56.43887528248065
0.4292991058220006	48.727393211964475
0.43657716251828405	50.660697438172164
0.4439786066350301	55.15612878656365
0.4515055300019897	53.27679520750508
0.45916005991243	59.08222883326903
0.4669443597243591	49.0376878775865
0.4748606294719433	39.41189902696786
0.4829111064872912	46.87130061383067
0.49109806603278056	67.72863170541281
0.49942382194410007	50.42531377809908
0.5078907272841978	55.467438878032056
0.5165011750083155	54.22886419718112
0.5252575986402952	41.99059697498755
0.5341624729603521	50.48407517227926
0.5432183147045091	49.928979315177024
0.5524276832758899	60.81832054547111
0.5617931814680651	58.38184170562979
0.5713174562006686	57.397622992742335
0.581003199267482	50.283251036753136
0.5908531480972009	49.14022871444651
0.6008700865270983	45.07349804881613
0.6110568455898062	53.27392982493428
0.6214163043134371	59.17485393187778
0.6319513905352644	55.817175264668286
0.6426650817292021	53.552622078390954
0.6535604058473143	68.29898688801232
0.664640442175587	62.68767917338113
0.6759083222042086	62.085663551400685
0.687367230512607	73.9159031399032
0.6990204056694916	51.75287333495731
0.7108711411481512	38.554667997109995
0.722922786257268	46.26230335133119
0.7351787470875167	65.90468777285804
0.7476424874742114	66.43265288163168
0.7603175299762654	55.62752836241797
0.7732074568717561	62.197008343170324
0.786315911170365	77.22126147970529
0.7996465976429815	65.72676596672892
0.8132032838687591	57.438439532168566
0.8269898012999282	63.239785391484034
0.8410100463446608	59.67178483134546
0.855267981468286	49.86339152812546
0.8697676363131823	44.31831119958878
0.8845131088376559	38.65764439159665
0.8995085664741215	35.04124763010429
0.9147582473069199	32.22089057510885
0.9302664612701064	30.103555339575916
0.9460375913655462	31.859178767075818
0.9620760949016535	30.89903824899046
0.9783865047531382	29.57851860853367
0.9949734306421101	30.491656337263027
1.0118415604408977	28.187333726936313
1.0289956614969529	28.367067400016385
1.0464405819802236	28.647305581021275
1.064181252253368	27.555275118465428
1.0822226862651902	27.677710932847063
1.1005699829677078	27.98649478541127
1.1192283277572432	29.218765560818863
1.1382029939399423	26.87686821883616
1.157499344222137	26.40571786251459
1.1771228322259815	27.530114257135647
1.1970790040307793	27.224438639552286
1.2173734997404417	28.680639881104234
1.2380120550775158	26.0206554862487
1.259000503004244	25.77207927539493
1.280344775371104	26.310586270609665
1.3020509045932895	26.68298560202344
1.324125025355623	25.811584560042135
1.346573376346368	25.206709485061523
1.3694023020204367	24.583533625083533
1.3926182543924834	23.75246300742188
1.4162277948604052	24.136368540107167
1.4402375960597587	25.10366946335095
1.4646544437496023	24.585642951936645
1.489485238730322	22.968606368336076
1.51473699879397	22.07422944818634
1.5404168607076627	21.711331097899063
1.566532082230602	21.54645709921205
1.5930900441653	21.379157052228628
1.6200982524435794	21.195045122260613
1.6475643402479245	21.005093766070214
1.6754960701688117	20.839796634952876
1.703901336398609	20.589729821155025
1.7327881669626681	20.39362492327754
1.7621647259882356	20.215428624917564
1.7920393160118402	20.030270529532032
1.8224203803257968	19.824650204751475
1.853316505364485	19.61541060610305
1.8847364231310813	19.40263399550837
1.916689013665442	19.185857252079405
1.949183307553826	18.96518756684235
1.9822284884811492	18.74782747757189
2.015833895826523	18.625905140780088
2.0500090273027984	18.604833337458786
2.0847635416408483	18.59410954497867
2.1201072613193555	18.58323053227878
2.1560501753408943	18.572193500813942
2.19260244205507	18.560996812531336
2.2297743920295074	18.549633974384957
2.2675765309695297	18.53803169422124
2.306019542687331	18.526180276055268
2.3451142921214814	18.514153385778343
2.3848718284076194	18.50195322503859
2.425303388001213	18.48957475836238
2.466420397853267	18.47701432326589
2.5082344786398427	18.42448067778514
2.5507574480463564	18.269324494147064
2.594001324107549	18.1013087959899
2.6379783286040754	17.930475950341503
2.6827008905166734	17.75678001282316
2.7281816495389037	17.579882990821478
2.7744334596494413	17.398359681199615
2.821469392744924	17.211626902957697
2.8693027423343835	17.0219111459661
2.9179470272963197	16.82916382613917
2.967415995699482	16.63338763994934
3.0177236286883886	16.39099644599863
3.0688841444347537	16.068915176452133
3.1209120021558947	15.740239254155014
3.173821906201257	15.406124651561827
3.227628810208219	15.066507400723337
3.2823479213283613	14.721388745251051
3.3379947045253915	14.370686176690501
3.3945848869459034	14.014156210002874
3.452134462364263	13.651695160718017
3.5106596957028504	13.244568918704452
3.5701771276289174	12.715824977956089
3.6307035792293805	12.168912638025855
3.6922561567648793	11.612824434427067
3.7548522565044355	11.047473033865558
3.8185095696420452	10.472721577266888
3.883246087296655	9.888281614496309
3.9490801055968987	9.293989708707446
4.0160302308520315	8.842975375774008
4.084115384810512	8.645979972599761
4.15335481000777	8.490474045584559
4.223768075204623	8.332419983926231
4.295375080917878	8.171842093724418
4.368196065044701	8.008575796285124
4.442251608582351	7.842621231165626
4.517562641444888	7.67391336466367
4.594150448378453	7.502245667979049
4.672036674976876	7.3276774141418874
4.751243333799254	7.150335991823735
4.83179281059124	6.970083019015455
4.913707870611789	6.786777276399672
4.997011665067193	6.608947925707768
5.081727737654187	6.486548160377445
5.167880031213956	6.373583786023691
5.255492894498976	6.258751844891538
5.34459108905458	6.142124367211146
5.4351997962171765	6.023613075820931
5.527344624231095	5.90321842154016
5.621051615486111	5.781077785639863
5.716347253877695	5.656909454682856
5.813258472291963	5.530785123612903
5.911812660217597	5.40278198078044
6.012037671486796	5.278052379647437
6.1139618321474405	5.166872351658546
6.217613948468717	5.056809225059461
6.323023315082487	4.9449668102014686
6.430219723262686	4.83131161474926
6.53923346934505	4.715830922384409
6.650095363289597	4.598532657385169
6.762836737388284	4.479306091210872
6.877489455120308	4.358186869657966
6.994085920157464	4.239093697799348
7.112659085522235	4.138456787539225
7.233242462901145	4.041841792199895
7.355870132115967	3.943570689411747
7.480576750755502	3.852882500147385
7.607397563970681	3.8133907503773408
7.736368414435725	3.795282267656113
7.867525752478134	3.7770809479160206
8.000906646380447	3.765391509848684
8.13654879285668	3.789886075159203
8.274490527706323	3.8213369149770555
8.414770836648957	3.853344492101035
8.557429366342594	3.885966733864973
8.702506435588823	3.9192722877916144
8.850043046727835	3.953223690963969
9.000080897226729	3.9940443692573853
9.152662391464244	4.054049245533083
9.307830652715264	4.12124446413965
9.4656295353385	4.189740266457982
9.626103637170822	4.2594345816248245
9.789298312131727	4.330327570836629
9.955259683041426	4.401313023709475
10.124034654656292	4.449704136633063
10.295670926925336	4.488366240530493
10.470217008471352	4.527633193808253
10.64772223030063	4.567599941826185
10.828236759745124	4.608266994301079
11.011811614640994	4.661211258531012
11.19849867774748	4.756165589850613
11.388350711410215	4.860458334882139
11.58142137247319	4.966557307186686
11.777765227443524	5.0744572670585475
11.977437767913225	5.195156330044234
12.180495426242514	5.350952722280884
12.386995591509024	5.527515099787041
12.596996625727332	5.7070429263365225
12.810557880343474	5.889614858293113
13.027739713009142	6.084597405877832
13.248603504640279	6.312272580634867
13.473211676764754	6.547757515686899
13.701627709164256	6.78719547081368
13.933916157815268	7.023011486849786
14.17014267313414	7.227092765424463
14.410374018531483	7.405068706384797
14.65467808928117	7.55601961822029
14.903123931709256	7.685994220941997
15.155781762708072	7.782520944216805
15.41272298958129	7.858294482478797
15.674020230225409	7.933120308826809
15.939747333653324	8.001641309245693
16.209979400865834	8.011042717402715
16.484792806077063	7.990927841144459
16.764265218299727	7.96938993191208
17.048475623296255	7.906380874395862
17.337504345902076	7.771681264010838
17.63143307272744	7.6117889789543725
17.93034487524408	7.445260966747221
18.234324233263173	7.270056172784049
18.543457058811434	7.0888083016805945
18.857830720412014	6.903704081272732
19.177534067776964	6.714290258426633
19.502657456918286	6.521012359111643
19.833292775684804	6.3242621285247695
