Bin Center	Bin Value
1.0084766734865977e-06	100.74509216715873
1.025573728446591e-06	99.95574799478082
1.0429606357115412e-06	99.15545254139099
1.0606423092481435e-06	98.34399979983476
1.0786237463312785e-06	97.52118044075321
1.096910028956362e-06	96.68678175483538
1.1155063252756382e-06	95.84058759410252
1.1344178910588306e-06	94.98237831220973
1.1536500711785527e-06	94.11193070374723
1.1732083011208957e-06	93.22901794252323
1.1930981085216315e-06	92.43282604307049
1.213325114728462e-06	91.72564537070677
1.2338950363897473e-06	91.00871039598472
1.2548136870701676e-06	90.2818370448707
1.276086978893783e-06	89.54483827923625
1.297720924214946e-06	88.79752404529656
1.3197216373175394e-06	88.0397012211848
1.3420953361430188e-06	87.27117356364948
1.3648483440477588e-06	86.49174165385834
1.3879870915901932e-06	85.70120284229476
1.4115181183482398e-06	84.98015356772561
1.4354480747675497e-06	84.33043647769563
1.4597837240410894e-06	83.67175911668366
1.484531944020583e-06	83.00395238022804
1.509699729160358e-06	82.32684444093353
1.5352941924941531e-06	81.64026070110341
1.56132256764544e-06	80.94402374457921
1.5877922108718152e-06	80.23795328777268
1.6147106031440625e-06	79.52186612987896
1.6420853522604615e-06	78.79557610225453
1.669924194996937e-06	78.13322821645642
1.698234999293656e-06	77.53651788492476
1.727025766478706e-06	76.93158028098183
1.7563046335294701e-06	76.31826011344563
1.7860798753723282e-06	75.69639959077607
1.816359907221357e-06	75.06583837757805
1.8471532869566818e-06	74.42641355037593
1.8784687175431391e-06	73.77795955264794
1.9103150494899438e-06	73.12030814910636
1.942701283352064e-06	72.45328837921285
1.9756365722740036e-06	71.84414840122282
2.009130224576702e-06	71.29442379965442
2.043191706388287e-06	70.73711620190137
2.077830644319443e-06	70.17208251413994
2.1130568281841312e-06	69.59917733830491
2.148880213766419e-06	69.01825293200602
2.1853109256342356e-06	68.4291591677741
2.2223592600008277e-06	67.83174349162472
2.260035687634718e-06	67.22585088092708
2.2983508568189965e-06	66.6113238015676
2.33731559636079e-06	66.05070574680809
2.3769409186517584e-06	65.54542634769041
2.4172380227804506e-06	65.03317743578711
2.458218297697449e-06	64.51382748982304
2.499893325434172e-06	63.98724287066503
2.5422748843762352e-06	63.453287784480956
2.5853749525923086e-06	62.91182424528154
2.6292057112194152e-06	62.36271203683523
2.6737795479056283e-06	61.80580867394539
2.7191090603111086e-06	61.240969363077895
2.765207059668523e-06	60.72563708904238
2.812086574403813e-06	60.261124787292324
2.8597608538183485e-06	59.79020538775419
2.908243371833496e-06	59.31275798143777
2.9575478307986853e-06	58.82865971238975
3.007688165364037e-06	58.33778574382553
3.0586785464186307e-06	57.84000922369348
3.1105333850955385e-06	57.33520124966307
3.1632673368447717e-06	56.82323083352623
3.216895305575281e-06	56.303964865002584
3.271432447867146e-06	55.830675852556375
3.326894177255208e-06	55.4045825889165
3.3832961685853226e-06	54.97261521278648
3.4406543624444367e-06	54.53466284166312
3.4989849696657957e-06	54.09061280777109
3.5583044759105364e-06	53.64035062700488
3.6186296463269256e-06	53.1837599673513
3.679977530288602e-06	52.720722616782766
3.7423654662131476e-06	52.25111845061299
3.8058110864623638e-06	51.774825398305794
3.870332322325599e-06	51.33966453094195
3.935947409087562e-06	50.94672732181661
4.0026748911820734e-06	50.54836930141583
4.070533627433186e-06	50.14448818294901
4.1395427963851244e-06	49.73498003245596
4.209721901722633e-06	49.31973924015441
4.2810907777831974e-06	48.898658491307685
4.3536695951627085e-06	48.47162873660427
4.427478866416158e-06	48.038539162041545
4.5025394518550016e-06	47.59927715830472
4.5788725654428015e-06	47.198724956524714
4.656499780790804e-06	46.837908925968726
4.735443037255164e-06	46.472116612637265
4.815724646137554e-06	46.1012541033009
4.897367296990898e-06	45.72522597251211
4.980394064031971e-06	45.343935256298906
5.0648284126627486e-06	44.9572834254184
5.150694206102325e-06	44.5651703581625
5.23801571213121e-06	44.16749431270765
5.3268176099500205e-06	43.76415189900185
5.417124997154431e-06	43.39600120121883
5.508963396828368e-06	43.06397568105296
5.602358764757438e-06	42.7273700053403
5.697337496764694e-06	42.38609774634451
5.793926436170743e-06	42.040071084571494
5.892152881380323e-06	41.68920078455965
5.9920445935974825e-06	41.33339617026427
6.093629804671601e-06	40.97256510003012
6.1969372250764114e-06	40.60661394114485
6.301996052024249e-06	40.23544754396558
6.408835977717925e-06	39.8968542922254
6.517487197742476e-06	39.59169799164904
6.627980419599171e-06	39.28233250496735
6.740346871384189e-06	38.96867840136583
6.854618310614458e-06	38.65065497096938
6.970827033203125e-06	38.32818020259266
7.089005882587156e-06	38.00117076111751
7.209188259009688e-06	37.669541964492
7.331408128959766e-06	37.33320776034384
7.4557000347721344e-06	36.99208070220233
7.582099104389701e-06	36.681033744864855
7.710641061291574e-06	36.4008644149781
7.841362234589427e-06	36.11683177476917
7.974299569294943e-06	35.828862907864924
8.109490636761403e-06	35.53688372382679
8.2469736453023e-06	35.240818937726445
8.386787450989916e-06	34.94059204937982
8.528971568637e-06	34.63612532223303
8.673566182964624e-06	34.327339761894926
8.820612159959398e-06	34.01415509430977
8.970151058423186e-06	33.728258816543025
9.122225141718621e-06	33.47037478464162
9.276877389713784e-06	33.20893378299658
9.434151510929404e-06	32.94386868696339
9.594091954891897e-06	32.6751112910137
9.756743924695923e-06	32.402592289932905
9.922153389779922e-06	32.126241259702844
1.009036709891814e-05	31.84598663806413
1.0261432593433015e-05	31.561755704753256
1.0435398220631543e-05	31.273474561408307
1.0612313147469377e-05	31.010389931357032
1.079222737444664e-05	30.773170108276133
1.0975191749739265e-05	30.53267793506983
1.1161257983569949e-05	30.28885166234945
1.1350478662822769e-05	30.041628546367566
1.1542907265905469e-05	29.79094483172063
1.1738598177863784e-05	29.536735733762377
1.1937606705752042e-05	29.278935420722668
1.2139989094264214e-05	29.01747699552653
1.2345802541630085e-05	28.752292477308906
1.25551052157809e-05	28.510342609351778
1.276795627078901e-05	28.292243592599778
1.2984415863586297e-05	28.0711359769003
1.3204545170965955e-05	27.84696298998945
1.3428406406872572e-05	27.619666945390776
1.365606283998538e-05	27.389189226512485
1.3887578811599428e-05	27.155470270477966
1.4123019753810072e-05	26.91844955168596
1.4362452208005724e-05	26.678065565095277
1.4605943843673997e-05	26.434255809229164
1.4853563477526813e-05	26.21192862015971
1.5105381092949725e-05	26.011653596474787
1.5361467859780866e-05	25.808616610014333
1.5621896154425324e-05	25.60276553471609
1.5886739580310524e-05	25.394047405182597
1.6156072988688328e-05	25.182408402080227
1.6429972499789846e-05	24.96779383729386
1.6708515524338865e-05	24.75014813883272
1.6991780785430004e-05	24.529414835483603
1.7279848340777897e-05	24.305536541206997
1.7572799605343317e-05	24.101258442940413
1.787071737434314e-05	23.917100358290018
1.817368584665031e-05	23.730402484428758
1.8481790648590444e-05	23.541116889293022
1.8795118858141955e-05	23.349194869008713
1.911375902954649e-05	23.154586934465073
1.943780121833644e-05	22.957242797663486
1.976733700678692e-05	22.757111357837967
2.010245952979909e-05	22.55414068734299
2.0443263501222395e-05	22.34827801730493
2.0789845240623102e-05	22.160329507965233
2.1142302700506447e-05	21.990770385600978
2.150073549400046e-05	21.818872029484133
2.1865244923009176e-05	21.644590300592313
2.2235934006842876e-05	21.467880349108203
2.2612907511333957e-05	21.288696602055193
2.2996271978446405e-05	21.106992750726228
2.3386135756387007e-05	20.922721737901817
2.378260903022729e-05	20.73583574485415
2.4185803853044587e-05	20.54628617813344
2.4595834177590902e-05	20.373377055464594
2.5012815888498808e-05	20.217549661293596
2.5436866835033212e-05	20.059572671099495
2.58681068643985e-05	19.899405522128827
2.6306657855610375e-05	19.737006998438964
2.6752643753941705e-05	19.572335219535645
2.720619060595257e-05	19.40534762882037
2.7667426595114205e-05	19.236000981844438
2.8136482078036625e-05	19.064251334365967
2.8613489621310677e-05	18.890054030207022
2.9098584038974685e-05	18.731195973808262
2.9591902430616117e-05	18.588083887949878
3.009358422011933e-05	18.442998091739103
3.060377119507013e-05	18.295901336421892
3.112260754682844e-05	18.146755773458136
3.165023991128045e-05	17.995522944087984
3.21868174102813e-05	17.842163768723324
3.273249169380069e-05	17.686638536161716
3.328741698278297e-05	17.52890689261974
3.385175011273356e-05	17.36892783058235
3.4425650578044646e-05	17.22295716515918
3.500928057707227e-05	17.091366412009947
3.5602805057977356e-05	16.957960791424803
3.620639176534429e-05	16.8227060529394
3.682021128758963e-05	16.685567394578353
3.74444371051745e-05	16.54650945326124
3.807924563963456e-05	16.40549629504814
3.872481630344087e-05	16.26249140522161
3.938133155070636e-05	16.117457678202726
4.0048976928751986e-05	15.970357407298117
4.0727941130546655e-05	15.83608299811348
4.1418416048036695e-05	15.714974666969974
4.2120596826379276e-05	15.592195639506757
4.283468191909501e-05	15.467714390193958
4.356087314415589e-05	15.34149888583741
4.4299375741024114e-05	15.21351657674777
4.505039842865766e-05	15.083734387761647
4.581415346449944e-05	14.95211870911257
4.659085670446638e-05	14.818635387148907
4.738072766395563e-05	14.683249714896279
4.818398957988521e-05	14.559747508171654
4.9000869473785896e-05	14.448443902511169
4.983159821596325e-05	14.335604986514303
5.06764105907474e-05	14.22120178801401
5.153554536284851e-05	14.10520486830639
5.240924534483774e-05	13.987584314035159
5.329775746577216e-05	13.868309728940233
5.420133284098267e-05	13.747350225468011
5.5120226843045515e-05	13.624674416241264
5.605469917395691e-05	13.500250405386009
5.70050139385311e-05	13.386700015286829
5.797143971904293e-05	13.28431165312526
5.895424965113561e-05	13.18051077300044
5.9953721501015705e-05	13.075270721794688
6.097013774395682e-05	12.968564417182847
6.20037856441337e-05	12.860364340166095
6.305495733581034e-05	12.750642527480917
6.412394990590445e-05	12.63937056388088
6.521106547795113e-05	12.52651957428908
6.631661129749061e-05	12.412060215819167
6.74408998189035e-05	12.307648522102363
6.858424879371796e-05	12.213550945308029
6.974698136041389e-05	12.118155341925297
7.092942613574999e-05	12.02143721802434
7.213191730763902e-05	11.923371685247062
7.335479472959735e-05	11.823933453945944
7.459840401679581e-05	11.723096826207897
7.586309664373918e-05	11.620835688761428
7.714923004360164e-05	11.517123505765
7.845716770924578e-05	11.411933311474382
7.978727929595481e-05	11.316037700141624
8.113994072590647e-05	11.229683083121657
8.251553429441738e-05	11.142137744797227
8.391444877798925e-05	11.05337921100865
8.533707954418694e-05	10.963384645730834
8.678382866337875e-05	10.872130844778237
8.825510502237144e-05	10.779594229404335
8.975132443997161e-05	10.68575083979399
9.127290978450629e-05	10.590576328446765
9.28202910933363e-05	10.494045953449467
9.439390569439473e-05	10.405888169896759
9.599419832978691e-05	10.32632511313872
9.762162128148563e-05	10.245664442925904
9.927663449915664e-05	10.163885448003354
0.00010095970573015196	10.079341810718661
0.000102671310651707	9.992193605726353
0.00010441193300537818	9.903590734008628
0.00010618206473376047	9.813618905762798
0.00010798220611952227	9.722874716705725
0.0001098128659267977	9.630698175771679
0.00011167456154497583	9.54608516300414
0.00011356781913492733	9.469623402980535
0.00011549317377771094	9.392336863633197
0.00011745116962580011	9.31381501892238
0.000119442360056874	9.234421573168612
0.00012146730783021559	9.154149720780767
0.00012352658524576125	9.07260971912391
0.00012562077430584671	8.989968541542753
0.00012775046687969532	8.90647359629203
0.00012991626487069465	8.821621460342977
0.00013211878038650918	8.743955905843906
0.00013435863591207715	8.67383609609247
0.0001366364644855399	8.602629021945427
0.00013895290987715406	8.530579731509182
0.00014130862677123667	8.457605572437654
0.0001437042809511953	8.383521839743073
0.00014614054948769456	8.308570435588694
0.000148618120930013	8.23246519762389
0.000151137695500644	8.155366207358954
0.00015369998529319567	8.07732507424638
0.00015630571447364634	8.005840424100427
0.0001589556194850114	7.941390265007731
0.00016165044925548012	7.87604691572691
0.0001643909654100813	7.809898243482199
0.00016717794248593707	7.742856284831579
0.00017001216815116626	7.674953965310319
0.00017289444342749832	7.606157629077193
0.00017582558291666232	7.536465959897411
0.00017880641503061295	7.466104782601184
0.00018183778222566024	7.394536625235642
0.0001849205412405683	7.328727657610531
0.00018805556333869087	7.269111126252363
0.00019124373455421158	7.209032910003283
0.00019448595594255894	7.1480732819709605
0.00019778314383506694	7.086082449733676
0.0002011362300979524	7.023363579942542
0.00020454616239568355	6.959980647686772
0.0002080139044588133	6.895589265447906
0.00021154043635635282	6.830485091410608
0.00021512675477276336	6.764512275347581
0.00021877387328964368	6.703967133419676
0.00022248282267219304	6.649246938797724
0.00022625465116053078	6.593745874270033
0.00023009042476595482	6.537563989240759
0.0002339912275722221	6.480682430083608
0.00023795816204193806	6.423061443359043
0.00024199234932813907	6.364817270551034
0.0002460949295911579	6.3056807672941675
0.000250267062320861	6.245893571274783
0.0002545099266643491	6.185248471072572
0.00025882472175921256	6.129757392771454
0.0002632126670724374	6.079570248143162
0.0002676750027450568	6.028725490446266
0.000272212989942645	5.977241286386241
0.0002768279112117538	5.925190393635365
0.00028152107084239176	5.872541078474193
0.0002862937952366485	5.819044152857212
0.0002911474332835686	5.764612087350618
0.00029608335674038034	5.709585772905119
0.0003011029606201888	5.654036092933333
0.0003062076635862394	5.603069443124636
0.0003113989083528686	5.556907936549496
0.0003166781620932493	5.510378939585341
0.0003220469168540502	5.4633284903610075
0.0003275066899771249	5.4154904794626955
0.0003330590245283501	5.3670952623628105
0.00033870548973373356	5.3182370015254925
0.0003444476814229158	5.268601464009137
0.0003502872224801914	5.218231503262255
0.0003562257633031753	5.1674078192349135
0.0003622649822692456	5.120787135677395
0.0003684065862098948	5.07850676754062
0.00037465231089312185	5.035809859758904
0.0003810039215140027	4.992536490569399
0.0003874632131935779	4.948627472879385
0.0003940320114861983	4.90429998792066
0.0004007121728954702	4.859321023035513
0.0004075055853989504	4.813699981212724
0.0004144141689817342	4.7676436447227815
0.00042143987617909023	4.720866262189742
0.00042858469262829513	4.678107361381768
0.0004358506376298232	4.63949406852133
0.00044323976471805033	4.600301931830212
0.00045075416224163326	4.5606839172154015
0.0004583959539537282	4.520505604219853
0.00046616729961221495	4.479847120397295
0.0004740703955900987	4.438734166919811
0.00048210747549625794	4.397044395695668
0.0004902808108067176	4.354915770862656
0.0004985927115066238	4.312173632499569
0.0005070455267431023	4.273208411418994
0.0005156416454891852	4.2380069275735055
0.0005243834972189932	4.202212618712295
0.0005332735525943647	4.165999441919783
0.0005423143241631259	4.1294611215999275
0.0005515083670691978	4.0923731300653365
0.0005608582797747427	4.054679833316097
0.0005703667047945538	4.016703170374715
0.0005800363294428943	3.978171882256301
0.0005898698865929987	3.939004766173796
0.0005998701554494499	3.9032872502906404
0.0006100399623336496	3.871104361021305
0.0006203821814826074	3.8384056754444615
0.0006308997358612702	3.8054021352424656
0.0006415955979886241	3.7720288788402097
0.0006524727907778005	3.738121166484975
0.0006635343883904261	3.703880290236528
0.0006747835171054565	3.669199721067767
0.0006862233562027389	3.6339865472960047
0.0006978571388615554	3.598389991099266
0.0007096881530743971	3.565896114673184
0.000721719742576234	3.536598881797372
0.0007339553077895347	3.5069619881413976
0.0007463983067853096	3.476880643932034
0.000759052256260447	3.4464767090213697
0.0007719207325316177	3.4156557886767387
0.0007850073725460303	3.3844074016601415
0.0007983158749093201	3.352824332888296
0.0008118500009308684	3.3207595119132054
0.0008256135756868389	3.2883150340975122
0.0008396104891012391	3.258724114789713
0.0008538446970453072	3.23210077265604
0.0008683202224555398	3.2051169527828423
0.0008830411564706713	3.1777917222830387
0.0008980116595879309	3.1500949267208225
0.0009132359628389011	3.12204708496986
0.0009287183689853098	3.093642753375349
0.0009444632537350985	3.0648716622349323
0.0009604750669791034	3.035773302861304
0.000976758334048704	3.0062644673928816
0.0009933176569947924	2.9793933876454015
0.0010101577158884273	2.955208931200388
0.0010272832701435355	2.9306990551429895
0.0010446991598620384	2.905881175067909
0.0010624103072017859	2.88072008399056
0.0010804217177676776	2.8552505029775874
0.0010987384820263695	2.8294261090474135
0.0011173657767449654	2.803275464960464
0.0011363088664540976	2.7767551477217185
0.001155573104935813	2.7498737495267
0.0011751639367366833	2.7254003525375112
0.001195086898706568	2.703414443531077
0.0012153476215634612	2.681136671472998
0.0012359518314848752	2.6585689636707808
0.0012569053517261955	2.6357363088612353
0.0012782141042664767	2.612646934195808
0.0012998841114821393	2.5891843752451504
0.0013219214978490406	2.565411170020037
0.0013443324916734025	2.541357362776213
0.0013671234268520828	2.516922488197414
0.0013903007446626919	2.4947414646141763
0.0014138709955840512	2.4748567861826483
0.0014378408411475259	2.454670857649193
0.001462217055819732	2.434237687550774
0.001487006528917169	2.413488267865877
0.0015122162665533096	2.392466892283842
0.0015378533936186989	2.3711785154158695
0.0015639251557946247	2.3495587651881147
0.0015904389216009206	2.3276699443919906
0.0016174021844784967	2.305451641082694
0.001644822564907166	2.285300230086242
0.0016727078125593794	2.2672576280848484
0.0017010658084904745	2.2489735231282784
0.0017299045673660539	2.2304284066616553
0.0017592322397271272	2.2116078027991786
0.0017890571142936541	2.192537948735943
0.00181938762030714	2.173181374997994
0.0018502323299129445	2.153571620454911
0.0018815999605829837	2.1336780426923077
0.0019134993775794988	2.1135345737209565
0.0019459395964605988	2.095227885278755
0.0019789297856282768	2.078806182672044
0.0020124792689196255	2.062161076975493
0.002046597528241984	2.0452766304953545
0.0020812942062527554	2.028115038608223
0.0021165791090846623	2.0107365547223806
0.0021524622091171927	1.9931072865978028
0.0021889536477950485	1.9752033230659347
0.002226063738494361	1.95706144695221
0.002263802969437506	1.938635458441105
0.0023021820066573316	1.9219303496468625
0.002341211697011642	1.9069856564455807
0.002380903071248787	1.8918129895953386
0.0024212673471252157	1.8764356605966155
0.0024623159325758994	1.8608149397945535
0.002504060428938488	1.8449935325128757
0.002546512634232132	1.8289533320221187
0.002589684546491897	1.8126804311757734
0.0026335883671596977	1.7961679757245963
0.0026782365045327286	1.7794049453750465
0.002723641577270352	1.7642250802317976
0.0027698164179604406	1.7506676449182756
0.002816774076746179	1.7369071425944982
0.002864527825014361	1.7229421262148261
0.002913091159146204	1.7087567701733262
0.00296247780433176	1.6943548841655771
0.0030127017184489882	1.6797375583812761
0.003063777096008598	1.66489818734709
0.0031157183721657643	1.649834549275773
0.003168540226799852	1.634539474199175
0.0032222575886633196	1.620718876995052
0.0032768856396009427	1.6084086739536199
0.003332439818840581	1.5959150839833491
0.0033889358273566797	1.5832306222654502
0.0034463896323077533	1.57035470956191
0.003504817471549092	1.5572688986391263
0.0035642358582219833	1.5439837885179144
0.0036246615854207296	1.5304908478734327
0.0036861117309387823	1.5167920171273548
0.0037486036620953556	1.5028856160378345
0.003812155040643852	1.4903071466014524
0.0038767838277635053	1.4790819898935152
0.0039425082891356555	1.4676912273220148
0.004009347000106073	1.456114030932719
0.004077318850934814	1.444345009625226
0.004146443052135065	1.432404828106291
0.004216739139902512	1.4202677232551302
0.004288226981636735	1.4079425081864754
0.0043609267815562435	1.3954283823939098
0.0044348590864086695	1.3827111631987192
0.004510044791277788	1.3712141102140025
0.004586505145488975	1.3609582285578319
0.004664261758614799	1.3505381063555686
0.004743336606582408	1.3399518151638814
0.004823752037884462	1.329193930936158
0.004905530779895379	1.3182755720300947
0.004988695945294638	1.3071810267347506
0.0050732710385989945	1.295928635527183
0.00515927996280543	1.2845040989874246
0.005246747026146728	1.27289653480667
0.005335696948961579	1.2624022755416424
0.005426154870681148	1.2530494488034678
0.005518146356934106	1.2435486668759892
0.005611697406772088	1.233889159992376
0.005706834460017679	1.2240734202563899
0.005803584404736951	1.2140984047195877
0.005901974584838687	1.2039666831639124
0.006002032807802441	1.193673553733332
0.006103787352537622	1.1832150900095937
0.006207266977375798	1.1725819317107722
0.0063125009281985115	1.1629927294600158
0.006419518946702887	1.1544729140922794
0.006528351278807347	1.1458090764912547
0.006639028683199877	1.1370055617252186
0.006751582440031165	1.1280585341525535
0.006866044359755151	1.118963805743325
0.006982446792119436	1.1097265404855607
0.007100822635308117	1.1003378392487682
0.007221205345239623	1.0907961808388382
0.007343628945022168	1.0811017356773975
0.007468128034569535	1.072348559304474
0.007594737800379845	1.0645745203062345
0.007723494025480133	1.0566784354178564
0.007854433099539503	1.048654266831943
0.007987592029153752	1.040502701907098
0.008123008448304332	1.0322161097773013
0.008260720628994637	1.0237968715955692
0.008400767492066627	1.0152386267763012
0.008543188618200779	1.0065382625319625
0.008688024259102596	0.9976930582722435
0.008835315348878707	0.989711197799812
0.008985103515605851	0.9826146993601279
0.009137431093096001	0.975403931284514
0.009292341132860928	0.9680763544967222
0.00944987741627962	0.9606289819308385
0.00961008446697198	0.9530592467199718
0.009773007563382282	0.9453675498975886
0.009938692751575978	0.9375566233038829
0.010107186858253434	0.9296325627625734
0.010278537503984326	0.9216022871212722
0.010452793116666375	0.9143916061183365
0.01063000294521226	0.9080593107823429
0.010810217073468546	0.9019401019487749
0.010993486434370621	1.4240827596651637
0.011179862824337635	14.484172006393523
0.011369398917911373	0.8868765477437263
0.0115621482826434	0.874518703946259
0.01175816539423459	0.8667801225663901
0.01195750565193128	0.859304909607124
0.01216022539418243	0.8518344954022462
0.012366381914562269	0.8451313373631778
0.012576033477962906	0.8391841999501263
0.012789239337061348	0.8331420871854038
0.013006059749065789	0.8270165295700077
0.013226555992745814	0.8208008079131475
0.013450790385751248	0.8144824761855511
0.013678826302224625	0.8080610620680849
0.013910728190712313	0.8015362528576608
0.01414656159237927	0.7949047269008722
0.014386393159532572	0.7881594079421441
0.014630290674458951	0.7821045614378964
0.01487832306858176	0.7767633444818877
0.01513056044194274	0.771340943928823
0.01538707408301392	0.7658301474778261
0.01564793648884552	0.7602345960796488
0.015913221385555443	0.7545537876981919
0.016183003749166057	0.7487929568080454
0.01645735982679421	0.7429641329615978
0.016736367158200583	0.7370903515638967
0.01702010459770437	0.7311878416666334
0.01730865233646935	0.7261528128496537
0.01760209192516793	0.7234717425792948
0.017900506297029384	12.364703462558237
0.018203979791278812	0.7232985141808544
0.01851259817697342	0.7075248911235766
0.018826448677242997	0.702160211183902
0.019145619993941376	0.698348488985459
0.019470202332715632	0.6987816427781308
0.01980028742850048	0.7173557311838641
0.020135968571444854	0.7126305601912643
0.02047734063327794	0.687392522389225
0.020824500094122237	0.675908214415813
0.021177545069761234	0.6702454408748757
0.021536575339369382	0.6652070165877605
0.021901692373712103	0.660236262207813
0.022272999363823855	0.6553392001909712
0.022650601250172524	0.6503992597534735
0.023034604752318222	0.6454180631375186
0.023425118399074712	0.6403947054737884
0.023822252559182414	0.6353003826688506
0.024226119472501327	0.6307428156572903
0.02463683328173276	0.6267205782707598
0.02505451006467877	0.6226327708769753
0.02547926786704869	0.6184784831766578
0.025911226735821788	0.6142647661189531
0.026350508753175343	0.6099866357771256
0.026797238070988147	0.6056388251594447
0.027251540945928937	0.6012198717858752
0.027713545775139542	0.5967324921322654
0.028183383132523047	0.5921747362838792
0.02866118580564722	0.5880936627089107
0.02914708883327361	0.5845015077867914
0.029641229543522683	0.5808553988941273
0.030143747592686156	0.5771521834164662
0.030654785004697392	0.5733864157663645
0.031174486211270773	0.5695598804087779
0.03170299809272158	0.5656779745594647
0.032240470019478044	0.5617353201049257
0.03278705389429716	0.5577261616832713
0.03334290419519608	0.5536547882649691
0.03390817801911129	0.5500246431297674
0.03448303512629816	0.5468483407671583
0.03506763798548322	0.5436232907593285
0.03566215181978157	0.5403515882373953
0.03626674465339311	0.537030237155717
0.03688158735909036	0.5336610550541545
0.03750685370651129	0.5302428438004579
0.03814272041127069	0.5267756853937139
0.038789367184904555	0.5232598816361461
0.03944697678566097	0.5196947715897237
0.04011573507015191	0.5165394993504393
0.040795831045880984	0.5138037071228068
0.04148745692466166	0.5110378292033032
0.042190808176941	0.5082430046005316
0.04290608358704426	0.5054176115711537
0.04363348530935635	0.5025653779575888
0.044373218925455746	0.4996883504520298
0.04512549350221661	0.4967874330463682
0.04589052165089637	0.4938667854191952
0.046668519587224955	0.4909329862008595
0.04745970719251261	0.4884098211111575
0.048264308075793586	0.486310078951439
0.049082549637023715	0.48423001045892866
0.04991466313134927	0.4821738540396753
0.05076088373446526	0.48014929007348806
0.05162145060908174	0.4781734300969372
0.05249660697251718	0.47626055665761496
0.053386600165437795	0.4744342378814308
0.05429168172176177	0.4727215954474982
0.055212107439749095	0.4711668433143898
0.05614813745429652	0.4702334934235851
0.057100036310457944	0.47014674713579635
0.05806807303821126	0.6365662971448977
0.059052521228492916	2.043081770330964
0.060053659110521615	2.8181175693159295
0.06107176963043235	2.252562852445318
0.06210714053124414	0.47517744475323687
0.06316006443418334	0.4770678256772868
0.06423083892138551	0.4815851178641008
0.06531976661999925	0.4883150945046749
0.06642715528771626	0.4984475269987954
0.0675533178997513	0.5135798035558725
0.06869857273729645	0.5363200866665639
0.06986324347747515	0.5709819942324038
0.07104765928482162	0.6258178555314574
0.07225215490431065	0.7158327485847868
0.07347707075596457	0.8651849284241031
0.07472275303106449	1.0890402860974064
0.0759895537899926	1.3033793775800795
0.07727783106173274	1.2914595874478991
0.07858794894505827	1.0491240538407693
0.07992027771143562	0.8082659378807493
0.08127519390967182	0.6577812715550145
0.08265308047233633	0.5685246199419065
0.0840543268239873	0.5140048499277744
0.08547932899123273	0.47897357499839055
0.08692848971465711	0.4552758612206253
0.08840221856264566	0.43918800818979836
0.08990093204713845	2.5019883445351745
0.09142505374134735	1.5590877772223264
0.09297501439946756	3.5286032120754176
0.09455125207841958	0.49425989769862494
0.0961542122616551	1.5193327337026774
0.09778434798506135	0.397258166141658
0.09944211996499988	0.3897947486336316
0.10112799672851666	0.6962801950386304
0.10284245474575948	0.6618516937411953
0.10458597856463961	1.7784721984833092
0.10635906094777714	0.8342235348924673
0.10816220301176807	0.3751475477172408
0.1099959143688119	0.3733032226460525
0.11186071327074038	0.3734056289171315
0.11375712675548838	0.41543372288921593
0.1156856907960481	0.5780559816270232
0.11764695045194742	0.49270343722617765
0.11964146002329763	0.36870660108282843
0.12166978320745231	0.3632732337891303
0.12373249325832185	0.3606711123331792
0.12583017314838887	0.358686725306235
0.12796341573347078	0.3569331291842788
0.1301328239202756	0.3555424120980397
0.13233901083679792	0.35448878469818834
0.13458260000560376	0.35350624121468155
0.13686422552005356	0.35259742841276903
0.13918453222351285	0.3517754009292291
0.14154417589160012	0.3510665592212598
0.14394382341752546	0.3505273228233474
0.14638415300057117	0.3503835073570551
0.14886585433776733	1.4002106140683948
0.15138962881881685	0.4571447354740238
0.1539561897243255	0.35169648652006247
0.1565662624273933	0.3543630164393045
0.15922058459862143	0.35954253859652796
0.16191990641459691	0.3699595262260352
0.16466499076991092	0.39372308487574637
0.16745661349277144	0.4592527245334263
0.17029556356427086	0.62739391216841
0.17318264334137182	0.6799878455530196
0.17611866878367344	0.5092456695570228
0.17910446968402055	0.44720542613851727
0.18214088990302393	1.3930151333694116
0.1852287876075565	1.221422201057507
0.18836903551329195	0.3499804665381363
0.1915625211313552	0.6685742778458681
0.19481014701915514	1.3958155241535073
0.19811283103547012	1.3294299617892256
0.20147150659985671	0.6260361075938685
0.20488712295645675	0.3373013645276936
0.20836064544227734	0.3390054416998015
0.21189305576001943	0.34538723457198445
0.21548535225552995	0.3937896265280323
0.2191385501999592	0.7229611384059513
0.22285368207670214	0.5855876591128186
0.22663179787320292	0.4700192209508455
0.23047396537770667	0.5067592962424494
0.23438127048104318	0.3406786761496975
0.23835481748352697	0.3429490409912778
0.24239572940705814	1.2519240192045524
0.2465051483125168	0.9619265544479788
0.25068423562253794	0.4305912860505081
0.2549341724497574	1.1884955350910902
0.2592561599306229	0.8799859638726355
0.263651419564865	0.4318256870035124
0.26812119356072395	0.6303092036272606
0.2726667451860265	0.9880158350187336
0.2772893591252171	0.7513992707775344
0.281990341842442	0.36784466563950835
0.2867710219507872	0.6961115607116749
0.29163275058777705	0.41586585157386674
0.29657690179723906	0.7598770967961408
0.301604872917643	0.7334446611482848
0.3067180849770227	0.3947010520000775
0.3119179830945925	0.6153757146132485
0.3172060368891745	0.8419540649831435
0.3225837408945492	0.5942513361955878
0.32805261498184624	0.5715460617704875
0.33361420478909765	0.4524155472746467
0.33927008215807397	0.6969090928454963
0.34502184557852467	0.7656250556682624
0.3508711206399501	0.4910132443681383
0.3568195604910331	0.6139318059831914
0.36286884630686106	1.1432938628294869
0.3690206877640648	0.8683290675823995
0.37527682352401626	1.0341516244431705
0.3816390217242176	0.9626568245915065
0.38810908047801956	1.402859849954321
0.3946888283828117	1.422702303532577
0.4013801250368295	1.41840803844411
0.4081848615647239	1.421136792703124
0.4151049611520369	1.4105977085978514
0.42214237958874223	1.5871749188947646
0.4292991058220006	1.8571438580447606
0.43657716251828405	1.4622566118288984
0.4439786066350301	1.2919341381463487
0.4515055300019897	1.3026710619702158
0.45916005991243	1.2164497216141146
0.4669443597243591	1.1077317571870353
0.4748606294719433	0.9273555419634755
0.4829111064872912	0.8052101507863481
0.49109806603278056	0.7193583280879039
0.49942382194410007	0.6717457566113136
0.5078907272841978	0.700029909989121
0.5165011750083155	0.7764210499013101
0.5252575986402952	0.7076372133141109
0.5341624729603521	0.7927033916980774
0.5432183147045091	0.7024176065704136
0.5524276832758899	0.6943100072216922
0.5617931814680651	0.713520531909373
0.5713174562006686	0.6756746057499459
0.581003199267482	0.7282335391975926
0.5908531480972009	0.6223441541707692
0.6008700865270983	0.6887079167614273
0.6110568455898062	0.6905671034152108
0.6214163043134371	0.711113732022096
0.6319513905352644	0.7208422682609007
0.6426650817292021	0.5768978984225783
0.6535604058473143	0.6278034278934244
0.664640442175587	0.9949638530735556
0.6759083222042086	0.5788887610114571
0.687367230512607	0.7379236581930078
0.6990204056694916	0.6702515561113644
0.7108711411481512	0.6899500083449179
0.722922786257268	0.6238781501441346
0.7351787470875167	0.6069215935902351
0.7476424874742114	0.6923957135430913
0.7603175299762654	0.6314585494825525
0.7732074568717561	0.7021451574902178
0.786315911170365	0.6941760395709569
0.7996465976429815	0.5508747469196323
0.8132032838687591	0.7160037863397399
0.8269898012999282	0.6462489265123225
0.8410100463446608	0.5994666521436376
0.855267981468286	0.6128716511186427
0.8697676363131823	0.7218210798312295
0.8845131088376559	0.7037436066329044
0.8995085664741215	0.705911152263909
0.9147582473069199	0.7866078893596115
0.9302664612701064	0.7715929202319715
0.9460375913655462	0.6610618504603173
0.9620760949016535	0.6445434506431635
0.9783865047531382	0.6281688581675896
0.9949734306421101	0.6055867969855198
1.0118415604408977	0.7256089883168108
1.0289956614969529	0.7842160071335965
1.0464405819802236	0.737053815725458
1.064181252253368	0.6056137120831522
1.0822226862651902	0.616959154732181
1.1005699829677078	0.7230118379189542
1.1192283277572432	0.6374626335157725
1.1382029939399423	0.7226723790065231
1.157499344222137	0.702313712152435
1.1771228322259815	0.6799112143822015
1.1970790040307793	0.6862409657014061
1.2173734997404417	0.6764480227944041
1.2380120550775158	0.6862231444909987
1.259000503004244	0.7670332464619487
1.280344775371104	0.7181335456242272
1.3020509045932895	0.7216777179359921
1.324125025355623	0.74388112521908
1.346573376346368	0.746052055164556
1.3694023020204367	0.7560051436187761
1.3926182543924834	0.7216995382019452
1.4162277948604052	0.7434849261209432
1.4402375960597587	0.7736675215677711
1.4646544437496023	0.7568887419981012
1.489485238730322	0.7529716483143158
1.51473699879397	0.8333983610691358
1.5404168607076627	0.8387699070686067
1.566532082230602	0.8314789087625324
1.5930900441653	0.8243530034460735
1.6200982524435794	0.8140841891080061
1.6475643402479245	0.8005833676970266
1.6754960701688117	0.7871113692316215
1.703901336398609	0.7736611328315408
1.7327881669626681	0.7602257151584344
1.7621647259882356	0.7467982597369704
1.7920393160118402	0.7333720588107988
1.8224203803257968	0.7199410223839414
1.853316505364485	0.7065139770604466
1.8847364231310813	0.6930692759686292
1.916689013665442	0.6801751617942894
1.949183307553826	0.6678399425065054
1.9822284884811492	0.6556135035640326
2.015833895826523	0.6448113928549153
2.0500090273027984	0.6353539552116845
2.0847635416408483	0.6259524451989122
2.1201072613193555	0.6164892187764754
2.1560501753408943	0.6069410085802354
2.19260244205507	0.5978079165266199
2.2297743920295074	0.5891203539164244
2.2675765309695297	0.582097770180111
2.306019542687331	0.5767751087298172
2.3451142921214814	0.5713684734207328
2.3848718284076194	0.5658654898116375
2.425303388001213	0.5602605659926628
2.466420397853267	0.5545519518985053
2.5082344786398427	0.5487410735996671
2.5507574480463564	0.542823376744423
2.594001324107549	0.5362726789414233
2.6379783286040754	0.5280117327915668
2.6827008905166734	0.5268398269910041
2.7281816495389037	0.53314697045393
2.7744334596494413	0.5396012902765908
2.821469392744924	0.5462048644638079
2.8693027423343835	0.5529598042754026
2.9179470272963197	0.5598682397598516
2.967415995699482	0.5632875256115134
3.0177236286883886	0.5582512793331896
3.0688841444347537	0.5650173077174072
3.1209120021558947	0.5721945467197194
3.173821906201257	0.5761766760625129
3.227628810208219	0.5768801502020771
3.2823479213283613	0.5777122863194597
3.3379947045253915	0.5788162404946192
3.3945848869459034	0.580083413279504
3.452134462364263	0.5814095382431839
3.5106596957028504	0.5827929907994738
3.5701771276289174	0.5840137375974401
3.6307035792293805	0.5841339075259153
3.6922561567648793	0.5839528497341322
3.7548522565044355	0.5791988404463752
3.8185095696420452	0.5698695820674187
3.883246087296655	0.5606480239233614
3.9490801055968987	0.5513706545530037
4.0160302308520315	0.5423028003812475
4.084115384810512	0.5334183057490962
4.15335481000777	0.5247155344398143
4.223768075204623	0.5150265734707484
4.295375080917878	0.5046038352397116
4.368196065044701	0.4941961146688673
4.442251608582351	0.4917432763976845
4.517562641444888	0.49775739290290266
4.594150448378453	0.504068170538822
4.672036674976876	0.5110984384447567
4.751243333799254	0.5184209361799889
4.83179281059124	0.5260419066546889
4.913707870611789	0.5339155618722031
4.997011665067193	0.54203172654863
5.081727737654187	0.5503473580228095
5.167880031213956	0.5588871044507071
5.255492894498976	0.5623298473247722
5.34459108905458	0.5605406884019979
5.4351997962171765	0.5588022693955966
5.527344624231095	0.5571177794499313
5.621051615486111	0.5554751272701572
5.716347253877695	0.5538812375599039
5.813258472291963	0.5523348893475617
5.911812660217597	0.5508331818357457
6.012037671486796	0.5493732306598326
6.1139618321474405	0.5479620640812267
6.217613948468717	0.5455132611304211
6.323023315082487	0.5419918897625139
6.430219723262686	0.5384637559539002
6.53923346934505	0.5349287975512309
6.650095363289597	0.5313848062698706
6.762836737388284	0.5278307092843042
6.877489455120308	0.524263650595638
6.994085920157464	0.5206638232650944
7.112659085522235	0.5169535502378011
7.233242462901145	0.5132046644487448
7.355870132115967	0.512129791718569
7.480576750755502	0.5137945436329038
7.607397563970681	0.5155366732287436
7.736368414435725	0.5173555792849861
7.867525752478134	0.5192504696649883
8.000906646380447	0.5212050410476776
8.13654879285668	0.5231636804922278
8.274490527706323	0.525196450117268
8.414770836648957	0.5273134931216794
8.557429366342594	0.5295114816788176
8.702506435588823	0.5281646986294861
8.850043046727835	0.5231806259888886
9.000080897226729	0.5181558460650776
9.152662391464244	0.513095232908446
9.307830652715264	0.5079876071545649
9.4656295353385	0.5028298964655741
9.626103637170822	0.4976618481995529
9.789298312131727	0.4924353686230819
9.955259683041426	0.487157181257496
10.124034654656292	0.48186493799995805
10.295670926925336	0.47667095919424496
10.470217008471352	0.4715515026511135
10.64772223030063	0.46642988092939386
10.828236759745124	0.46126133087440574
11.011811614640994	0.4560983317702483
11.19849867774748	0.4511812443704182
11.388350711410215	0.44625986862653033
11.58142137247319	0.4413153549827835
11.777765227443524	0.43636266001758567
11.977437767913225	0.4315594688236815
12.180495426242514	0.42724545130298863
12.386995591509024	0.4231307548532606
12.596996625727332	0.4189193482009151
12.810557880343474	0.4147159401678936
13.027739713009142	0.4112013596582599
13.248603504640279	0.40978817903175835
13.473211676764754	0.4086796874526284
13.701627709164256	0.4075664637436126
13.933916157815268	0.40692668318440334
14.17014267313414	0.40870154376772483
14.410374018531483	0.4151146373964288
14.65467808928117	0.4266013408517554
14.903123931709256	0.4408275212734582
15.155781762708072	0.4617301647696185
15.41272298958129	0.48729704336899327
15.674020230225409	0.5137287310050307
15.939747333653324	0.5413518348427374
16.209979400865834	0.5759895297011116
16.484792806077063	0.6142156977387359
16.764265218299727	0.6528016217621164
17.048475623296255	0.690140954233582
17.337504345902076	0.7206662428995523
17.63143307272744	0.7492561559197608
17.93034487524408	0.7775061545060417
18.234324233263173	0.7861124217514526
18.543457058811434	0.7862478150567536
18.857830720412014	0.7856059518639544
19.177534067776964	0.7796038185314287
19.502657456918286	0.7677834752801056
19.833292775684804	0.7564877695078832
