Bin Center	Bin Value
1.0084766734865977e-06	83.89325694430882
1.025573728446591e-06	83.2413643457862
1.0429606357115412e-06	82.57841998585155
1.0606423092481435e-06	81.90423650015903
1.0786237463312785e-06	81.21862334790988
1.096910028956362e-06	80.52138675800133
1.1155063252756382e-06	79.81232967426168
1.1344178910588306e-06	79.09125169975746
1.1536500711785527e-06	78.35794904015684
1.1732083011208957e-06	77.61221444613166
1.1930981085216315e-06	76.94732184128642
1.213325114728462e-06	76.36543087654091
1.2338950363897473e-06	75.77367491236959
1.2548136870701676e-06	75.17188670401421
1.276086978893783e-06	74.55989617135813
1.297720924214946e-06	73.9375303508577
1.3197216373175394e-06	73.30461334665806
1.3420953361430188e-06	72.660966280881
1.3648483440477588e-06	72.00640724306946
1.3879870915901932e-06	71.34075123877552
1.4115181183482398e-06	70.73978906612864
1.4354480747675497e-06	70.20525884391508
1.4597837240410894e-06	69.66166654537672
1.484531944020583e-06	69.10885853798929
1.509699729160358e-06	68.54667858464309
1.5352941924941531e-06	67.97496779948635
1.56132256764544e-06	67.3935646030206
1.5877922108718152e-06	66.80230467643382
1.6147106031440625e-06	66.2010209151603
1.6420853522604615e-06	65.58954338165248
1.669924194996937e-06	65.03749485395437
1.698234999293656e-06	64.5464720006137
1.727025766478706e-06	64.0471246664685
1.7563046335294701e-06	63.539311723707485
1.7860798753723282e-06	63.02288965193035
1.816359907221357e-06	62.49771249758576
1.8471532869566818e-06	61.963631832721106
1.8784687175431391e-06	61.42049671303339
1.9103150494899438e-06	60.868153635208294
1.942701283352064e-06	60.306446493536505
1.9756365722740036e-06	59.79861920479594
2.009130224576702e-06	59.346120397805976
2.043191706388287e-06	58.885950221536135
2.077830644319443e-06	58.41797862060122
2.1130568281841312e-06	57.942073334742105
2.148880213766419e-06	57.45809986144545
2.1853109256342356e-06	56.96592141793012
2.2223592600008277e-06	56.4653989024892
2.260035687634718e-06	55.95639085517611
2.2983508568189965e-06	55.43875341782478
2.33731559636079e-06	54.97168221895066
2.3769409186517584e-06	54.55653543356007
2.4172380227804506e-06	54.13435052067198
2.458218297697449e-06	53.705008160468836
2.499893325434172e-06	53.26838701026281
2.5422748843762352e-06	52.82436367020158
2.5853749525923086e-06	52.37281264839208
2.6292057112194152e-06	51.91360632543369
2.6737795479056283e-06	51.44661491834995
2.7191090603111086e-06	50.971706443908424
2.765207059668523e-06	50.54274743206459
2.812086574403813e-06	50.160972702934494
2.8597608538183485e-06	49.77272561435591
2.908243371833496e-06	49.37789643817332
2.9575478307986853e-06	48.97637358597173
3.007688165364037e-06	48.568043577539136
3.0586785464186307e-06	48.15279100879401
3.1105333850955385e-06	47.73049851916945
3.1632673368447717e-06	47.30104675844406
3.216895305575281e-06	46.86431435301088
3.271432447867146e-06	46.46967971833219
3.326894177255208e-06	46.1182743999656
3.3832961685853226e-06	45.760911585308556
3.4406543624444367e-06	45.39749027485932
3.4989849696657957e-06	45.02790775683659
3.5583044759105364e-06	44.65205957815054
3.6186296463269256e-06	44.26983951488203
3.679977530288602e-06	43.881139542260826
3.7423654662131476e-06	43.48584980413528
3.8058110864623638e-06	43.083858581924304
3.870332322325599e-06	42.72081810844774
3.935947409087562e-06	42.39777504095626
4.0026748911820734e-06	42.0692553122543
4.070533627433186e-06	41.73516607460414
4.1395427963851244e-06	41.395412906188085
4.209721901722633e-06	41.04989978442259
4.2810907777831974e-06	40.69852905882006
4.3536695951627085e-06	40.34120142339016
4.427478866416158e-06	39.9778158885737
4.5025394518550016e-06	39.60826975270043
4.5788725654428015e-06	39.27477232304797
4.656499780790804e-06	38.978291918235946
4.735443037255164e-06	38.67678517825039
4.815724646137554e-06	38.370166889887074
4.897367296990898e-06	38.058350395292834
4.980394064031971e-06	37.74124756747377
5.0648284126627486e-06	37.41876878538848
5.150694206102325e-06	37.09082290861904
5.23801571213121e-06	36.75731725161229
5.3268176099500205e-06	36.41815755748479
5.417124997154431e-06	36.11157929082996
5.508963396828368e-06	35.83845837239934
5.602358764757438e-06	35.560707140272946
5.697337496764694e-06	35.27824709513607
5.793926436170743e-06	34.990998406847886
5.892152881380323e-06	34.69887989187959
5.9920445935974825e-06	34.40180899036975
6.093629804671601e-06	34.09970174279094
6.1969372250764114e-06	33.79247276622084
6.301996052024249e-06	33.480035230210724
6.408835977717925e-06	33.197910802375276
6.517487197742476e-06	32.94691397681366
6.627980419599171e-06	32.691661914979136
6.740346871384189e-06	32.432082476374696
6.854618310614458e-06	32.16810229748047
6.970827033203125e-06	31.899646771019423
7.089005882587156e-06	31.62664002487141
7.209188259009688e-06	31.349004900629943
7.331408128959766e-06	31.06666293179521
7.4557000347721344e-06	30.779534321597776
7.582099104389701e-06	30.52040097331753
7.710641061291574e-06	30.290014898946342
7.841362234589427e-06	30.055723009518577
7.974299569294943e-06	29.817459088396337
8.109490636761403e-06	29.57515579634811
8.2469736453023e-06	29.32874465251702
8.386787450989916e-06	29.078156015066526
8.528971568637e-06	28.823319061497795
8.673566182964624e-06	28.564161768633618
8.820612159959398e-06	28.300610892262856
8.970151058423186e-06	28.06244718811874
9.122225141718621e-06	27.85035306326491
9.276877389713784e-06	27.63466323312144
9.434151510929404e-06	27.415316738448983
9.594091954891897e-06	27.19225158654498
9.756743924695923e-06	26.965404733723105
9.922153389779922e-06	26.734712067495586
1.009036709891814e-05	26.500108388453338
1.0261432593433015e-05	26.2615273918391
1.0435398220631543e-05	26.01890164880805
1.0612313147469377e-05	25.79971420540384
1.079222737444664e-05	25.604594983770646
1.0975191749739265e-05	25.406167838271962
1.1161257983569949e-05	25.204376688526708
1.1350478662822769e-05	24.99916450340373
1.1542907265905469e-05	24.790473284903236
1.1738598177863784e-05	24.578244051765218
1.1937606705752042e-05	24.362416822799975
1.2139989094264214e-05	24.14293059993583
1.2345802541630085e-05	23.919723350979606
1.25551052157809e-05	23.718139015275455
1.276795627078901e-05	23.538758635471545
1.2984415863586297e-05	23.35633715784863
1.3204545170965955e-05	23.170823025620205
1.3428406406872572e-05	22.98216380793967
1.365606283998538e-05	22.790306185082123
1.3887578811599428e-05	22.595195933374818
1.4123019753810072e-05	22.396777909872267
1.4362452208005724e-05	22.19499603677157
1.4605943843673997e-05	21.989793285563294
1.4853563477526813e-05	21.80458247212454
1.5105381092949725e-05	21.639900644968236
1.5361467859780866e-05	21.472426909655976
1.5621896154425324e-05	21.302113934000065
1.5886739580310524e-05	21.128913583373826
1.6156072988688328e-05	20.95277690710752
1.6429972499789846e-05	20.773654124653785
1.6708515524338865e-05	20.591494611518314
1.6991780785430004e-05	20.406246884952157
1.7279848340777897e-05	20.21785858940155
1.7572799605343317e-05	20.047647374657227
1.787071737434314e-05	19.896101795793513
1.817368584665031e-05	19.741987012149092
1.8481790648590444e-05	19.58525946710384
1.8795118858141955e-05	19.42587486560716
1.911375902954649e-05	19.263788161659146
1.943780121833644e-05	19.098953545579356
1.976733700678692e-05	18.931324431059977
2.010245952979909e-05	18.760853441999334
2.0443263501222395e-05	18.587492399112268
2.0789845240623102e-05	18.430850499297648
2.1142302700506447e-05	18.291377123740695
2.150073549400046e-05	18.149539207654385
2.1865244923009176e-05	18.00529666416272
2.2235934006842876e-05	17.85860872678295
2.2612907511333957e-05	17.70943393790398
2.2996271978446405e-05	17.55773013706951
2.3386135756387007e-05	17.40345444906234
2.378260903022729e-05	17.246563271786854
2.4185803853044587e-05	17.087012263945986
2.4595834177590902e-05	16.94307226188573
2.5012815888498808e-05	16.81516253004639
2.5436866835033212e-05	16.685084300141927
2.58681068643985e-05	16.552800808872213
2.6306657855610375e-05	16.4182746696762
2.6752643753941705e-05	16.28146786216543
2.720619060595257e-05	16.14234172137862
2.7667426595114205e-05	16.000856926854027
2.8136482078036625e-05	15.856973491516424
2.8613489621310677e-05	15.710650750375828
2.9098584038974685e-05	15.578395497053982
2.9591902430616117e-05	15.460585906255938
3.009358422011933e-05	15.34077904858832
3.060377119507013e-05	15.218941063692899
3.112260754682844e-05	15.095037517165014
3.165023991128045e-05	14.969033390821647
3.21868174102813e-05	14.840893072804326
3.273249169380069e-05	14.710580347514384
3.328741698278297e-05	14.578058385377599
3.385175011273356e-05	14.443289732435138
3.4425650578044646e-05	14.321563658373089
3.500928057707227e-05	14.21323065752696
3.5602805057977356e-05	14.103061049728838
3.620639176534429e-05	13.991023698343819
3.682021128758963e-05	13.877086938866809
3.74444371051745e-05	13.761218569973368
3.807924563963456e-05	13.643385844418876
3.872481630344087e-05	13.52355545978326
3.938133155070636e-05	13.40169354905897
4.0048976928751986e-05	13.277765671079372
4.0727941130546655e-05	13.165869239327547
4.1418416048036695e-05	13.066327519672878
4.2120596826379276e-05	12.96509823470661
4.283468191909501e-05	12.86215277454846
4.356087314415589e-05	12.757462044284921
4.4299375741024114e-05	12.650996455746357
4.505039842865766e-05	12.542725919144594
4.581415346449944e-05	12.432619834568847
4.659085670446638e-05	12.320647083337429
4.738072766395563e-05	12.206776019202827
4.818398957988521e-05	12.103948273932584
4.9000869473785896e-05	12.012460581329258
4.983159821596325e-05	11.919421866129435
5.06764105907474e-05	11.824805833308906
5.153554536284851e-05	11.728585742054744
5.240924534483774e-05	11.630734398207741
5.329775746577216e-05	11.531224146576722
5.420133284098267e-05	11.43002686312241
5.5120226843045515e-05	11.327113947008955
5.605469917395691e-05	11.222456312520592
5.70050139385311e-05	11.127877992684025
5.797143971904293e-05	11.043649922520572
5.895424965113561e-05	10.957993904658755
5.9953721501015705e-05	10.870885730605773
6.097013774395682e-05	10.78230078145388
6.20037856441337e-05	10.692214020922412
6.305495733581034e-05	10.600599988281953
6.412394990590445e-05	10.507432791158534
6.521106547795113e-05	10.412686098215763
6.631661129749061e-05	10.31633313171296
6.74408998189035e-05	10.229330840011041
6.858424879371796e-05	10.151930466332164
6.974698136041389e-05	10.073217897262456
7.092942613574999e-05	9.993170886698158
7.213191730763902e-05	9.911766811389585
7.335479472959735e-05	9.828982664547286
7.459840401679581e-05	9.744795049339688
7.586309664373918e-05	9.659180172280617
7.714923004360164e-05	9.57211383650471
7.845716770924578e-05	9.483571434928708
7.978727929595481e-05	9.403680627711674
8.113994072590647e-05	9.332673787628462
8.251553429441738e-05	9.260463143947849
8.391444877798925e-05	9.187028288169763
8.533707954418694e-05	9.112348465801736
8.678382866337875e-05	9.036402570493214
8.825510502237144e-05	8.959169138070337
8.975132443997161e-05	8.880626340469666
9.127290978450629e-05	8.800751979569009
9.28202910933363e-05	8.719523480913761
9.439390569439473e-05	8.646067946446701
9.599419832978691e-05	8.580594390012825
9.762162128148563e-05	8.514010837659164
9.927663449915664e-05	8.446298471239745
0.00010095970573015196	8.377438153578035
0.000102671310651707	8.307410423058327
0.00010441193300537818	8.236195488125368
0.00010618206473376047	8.163773221690818
0.00010798220611952227	8.09012315544482
0.0001098128659267977	8.015224474071154
0.00011167456154497583	7.947574771508216
0.00011356781913492733	7.887368849490053
0.00011549317377771094	7.826142235586078
0.00011745116962580011	7.76387762565259
0.000119442360056874	7.7005574221827535
0.00012146730783021559	7.636163729333075
0.00012352658524576125	7.5706783478656305
0.00012562077430584671	7.504082770004502
0.00012775046687969532	7.436358174205007
0.00012991626487069465	7.367485419834311
0.00013211878038650918	7.30528970270907
0.00013435863591207715	7.249950438119535
0.0001366364644855399	7.19367298777617
0.00013895290987715406	7.136441446290367
0.00014130862677123667	7.078239638623947
0.0001437042809511953	7.019051115517687
0.00014614054948769456	6.9588591488423805
0.000148618120930013	6.897646726871024
0.000151137695500644	6.83539654947092
0.00015369998529319567	6.772091023214207
0.00015630571447364634	6.714977635103304
0.0001589556194850114	6.6642226900157455
0.00016165044925548012	6.612607278733511
0.0001643909654100813	6.5601168134746475
0.00016717794248593707	6.506736459145465
0.00017001216815116626	6.452451129147789
0.00017289444342749832	6.397245481115105
0.00017582558291666232	6.341103912576446
0.00017880641503061295	6.284010556546731
0.00018183778222566024	6.22594927704238
0.0001849205412405683	6.173414980935393
0.00018805556333869087	6.1265563314294
0.00019124373455421158	6.07890327097964
0.00019448595594255894	6.030442331661739
0.00019778314383506694	5.981159817224935
0.0002011362300979524	5.9310417992211715
0.00020454616239568355	5.880074113068584
0.0002080139044588133	5.828242354048227
0.00021154043635635282	5.775531873232967
0.00021512675477276336	5.721927773347325
0.00021877387328964368	5.67352376250421
0.00022248282267219304	5.630459564776691
0.00022625465116053078	5.586665284762972
0.00023009042476595482	5.542128545124741
0.0002339912275722221	5.496836758686365
0.00023795816204193806	5.450777124877467
0.00024199234932813907	5.4039366261151445
0.0002460949295911579	5.356302024124909
0.000250267062320861	5.307859856199204
0.0002545099266643491	5.258596431392518
0.00025882472175921256	5.214151221784374
0.0002632126670724374	5.174653632828501
0.0002676750027450568	5.1344864275424555
0.000272212989942645	5.093638253688249
0.0002768279112117538	5.052097566569472
0.00028152107084239176	5.009852625768469
0.0002862937952366485	4.966891491828198
0.0002911474332835686	4.923202022877881
0.00029608335674038034	4.878771871201372
0.0003011029606201888	4.83358847974742
0.0003062076635862394	4.792737186074269
0.0003113989083528686	4.756334467107214
0.0003166781620932493	4.719314600214742
0.0003220469168540502	4.68166712267394
0.0003275066899771249	4.6433813943837245
0.0003330590245283501	4.6044465948576825
0.00033870548973373356	4.5648517201659455
0.0003444476814229158	4.524585579825196
0.0003502872224801914	4.483636793635982
0.0003562257633031753	4.441993788466369
0.0003622649822692456	4.404398783752935
0.0003684065862098948	4.370960535299158
0.00037465231089312185	4.336955396617168
0.0003810039215140027	4.302373757020234
0.0003874632131935779	4.267205842888307
0.0003940320114861983	4.231441714905781
0.0004007121728954702	4.195071265252371
0.0004075055853989504	4.158084214746418
0.0004144141689817342	4.12047010993972
0.00042143987617909023	4.082218320163147
0.00042858469262829513	4.0477117012442285
0.0004358506376298232	4.017050833515469
0.00044323976471805033	3.9858701614576075
0.00045075416224163326	3.954160872647489
0.0004583959539537282	3.9219140052619013
0.00046616729961221495	3.8891204455447252
0.0004740703955900987	3.8557709252311803
0.00048210747549625794	3.821856018928367
0.0004902808108067176	3.78736614145144
0.0004985927115066238	3.752291545114584
0.0005070455267431023	3.720694964207602
0.0005156416454891852	3.6926697401427258
0.0005243834972189932	3.664169394730275
0.0005332735525943647	3.6351858730731923
0.0005423143241631259	3.605710983716951
0.0005515083670691978	3.5757363963344577
0.0005608582797747427	3.5452536393716887
0.0005703667047945538	3.514254097653431
0.0005800363294428943	3.4827290099484145
0.0005898698865929987	3.450669466493173
0.0005998701554494499	3.421715800161428
0.0006100399623336496	3.3959514706723937
0.0006203821814826074	3.369750349566002
0.0006308997358612702	3.343105031762406
0.0006415955979886241	3.316007986640874
0.0006524727907778005	3.2884515559114496
0.0006635343883904261	3.2604279514505246
0.0006747835171054565	3.231929253099736
0.0006862233562027389	3.202947406427521
0.0006978571388615554	3.173474220452749
0.0007096881530743971	3.1468649570859597
0.000721719742576234	3.1231965616400137
0.0007339553077895347	3.0991269076737726
0.0007463983067853096	3.074649192512317
0.000759052256260447	3.0497564981526195
0.0007719207325316177	3.0244417893083435
0.0007850073725460303	2.9986979114215053
0.0007983158749093201	2.972517588640416
0.0008118500009308684	2.945893421763349
0.0008256135756868389	2.9188178861473415
0.0008396104891012391	2.8943629732984206
0.0008538446970453072	2.8725991069637034
0.0008683202224555398	2.8504662702515344
0.0008830411564706713	2.8279582078790857
0.0008980116595879309	2.805068558515541
0.0009132359628389011	2.7817908529842423
0.0009287183689853098	2.7581185124343297
0.0009444632537350985	2.734044846481409
0.0009604750669791034	2.7095630513166693
0.000976758334048704	2.6846662077839754
0.0009933176569947924	2.662088693329303
0.0010101577158884273	2.6418929687491888
0.0010272832701435355	2.621354859042893
0.0010446991598620384	2.600468559636572
0.0010624103072017859	2.5792281675494304
0.0010804217177676776	2.5576276797253885
0.0010987384820263695	2.5356609913364756
0.0011173657767449654	2.5133218940574515
0.0011363088664540976	2.49060407431119
0.001155573104935813	2.467501111484296
0.0011751639367366833	2.4466277384649704
0.001195086898706568	2.428043880465013
0.0012153476215634612	2.4091449638722815
0.0012359518314848752	2.389925647389136
0.0012569053517261955	2.3703804991650634
0.0012782141042664767	2.3505039952615054
0.0012998841114821393	2.3302905180906572
0.0013219214978490406	2.309734354827796
0.0013443324916734025	2.2888296957967036
0.0013671234268520828	2.2675706328276988
0.0013903007446626919	2.2483792147752086
0.0014138709955840512	2.231310990486957
0.0014378408411475259	2.2139534026701315
0.001462217055819732	2.196301545644428
0.001487006528917169	2.1783504305618466
0.0015122162665533096	2.160094983996716
0.0015378533936186989	2.1415300465118148
0.0015639251557946247	2.122650371200198
0.0015904389216009206	2.10345062220228
0.0016174021844784967	2.0839253731978036
0.001644822564907166	2.066312903118932
0.0016727078125593794	2.0506645799709093
0.0017010658084904745	2.0347509653710083
0.0017299045673660539	2.0185675617411976
0.0017592322397271272	2.002109795254444
0.0017890571142936541	1.9853730145420354
0.00181938762030714	1.968352489378997
0.0018502323299129445	1.951043409347202
0.0018815999605829837	1.9334408824758418
0.0019134993775794988	1.9155399338588266
0.0019459395964605988	1.8993385977109551
0.0019789297856282768	1.8848825963594646
0.0020124792689196255	1.8701815174012164
0.002046597528241984	1.8552312059505098
0.0020812942062527554	1.8400274366824205
0.0021165791090846623	1.8245659126386302
0.0021524622091171927	1.8088422640129898
0.0021889536477950485	1.7928520469165157
0.002226063738494361	1.776590742121427
0.002263802969437506	1.7600537537839107
0.0023021820066573316	1.7451280897901205
0.002341211697011642	1.7318570352564893
0.002380903071248787	1.7183609919306495
0.0024212673471252157	1.7046361454995407
0.0024623159325758994	1.6906786169847325
0.002504060428938488	1.676484461646124
0.002546512634232132	1.6620496678670689
0.002589684546491897	1.6473701560205902
0.0026335883671596977	1.6324417773163808
0.0026782365045327286	1.6172603126282532
0.002723641577270352	1.603560321454251
0.0027698164179604406	1.5913815974462475
0.002816774076746179	1.5789964033044444
0.002864527825014361	1.5664012386690263
0.002913091159146204	1.5535925438373581
0.00296247780433176	1.540566698757935
0.0030127017184489882	1.5273200220072622
0.003063777096008598	1.5138487697493928
0.0031157183721657643	1.500149134677833
0.003168540226799852	1.486217244939498
0.0032222575886633196	1.473653463256004
0.0032768856396009427	1.4624945256121853
0.003332439818840581	1.45114640662664
0.0033889358273566797	1.4396058990424383
0.0034463896323077533	1.427869741228915
0.003504817471549092	1.4159346162598476
0.0035642358582219833	1.4037971509760105
0.0036246615854207296	1.3914539150318421
0.0036861117309387823	1.3789014199259393
0.0037486036620953556	1.3661361180151277
0.003812155040643852	1.354523280064508
0.0038767838277635053	1.3440939989652045
0.0039425082891356555	1.3334879066447445
0.004009347000106073	1.3227020055611454
0.004077318850934814	1.3117332473540584
0.004146443052135065	1.3005785319832202
0.004216739139902512	1.2892347068523142
0.004288226981636735	1.2776985659179596
0.0043609267815562435	1.265966848783614
0.0044348590864086695	1.254036239778098
0.004510044791277788	1.2432864366996252
0.004586505145488975	1.2337491327181642
0.004664261758614799	1.224050139513116
0.004743336606582408	1.2141867159109725
0.004823752037884462	1.2041560742661577
0.004905530779895379	1.1939553796731754
0.004988695945294638	1.18358174916539
0.0050732710385989945	1.1730322509002347
0.00515927996280543	1.1623039033305966
0.005246747026146728	1.1513936743621616
0.005335696948961579	1.1416013184579497
0.005426154870681148	1.1329567846254347
0.005518146356934106	1.1241656970114362
0.005611697406772088	1.1152255710388452
0.005706834460017679	1.1061338800086575
0.005803584404736951	1.0968880543858612
0.005901974584838687	1.087485481073228
0.006002032807802441	1.0779235026727854
0.006103787352537622	1.0681994167347695
0.006207266977375798	1.0583104749938494
0.0063125009281985115	1.0493480804536366
0.006419518946702887	1.0413371773668985
0.006528351278807347	1.033190462660562
0.006639028683199877	1.0249056338731175
0.006751582440031165	1.0164803495086259
0.006866044359755151	1.007912228374955
0.006982446792119436	0.999198848910797
0.007100822635308117	0.9903377485012738
0.007221205345239623	0.9813264227819439
0.007343628945022168	0.9721623249310054
0.007468128034569535	0.9638547311011771
0.007594737800379845	0.9564267031128408
0.007723494025480133	0.9488727451886921
0.007854433099539503	0.9411907223948341
0.007987592029153752	0.9333784636030956
0.008123008448304332	0.9254337608774169
0.008260720628994637	0.9173543688498305
0.008400767492066627	0.9091380040858683
0.008543188618200779	0.900782344439204
0.008688024259102596	0.8922850283953602
0.008835315348878707	0.8847997724549646
0.008985103515605851	0.8783534932718803
0.009137431093096001	0.8717979280811194
0.009292341132860928	0.865131224119074
0.00944987741627962	0.8583514972115927
0.00961008446697198	0.8514568312414649
0.009773007563382282	0.8444452776068817
0.009938692751575978	0.8373148546707098
0.010107186858253434	0.8300635472004358
0.010278537503984326	0.822689305798608
0.010452793116666375	0.8161888879525117
0.01063000294521226	0.8105855391656338
0.010810217073468546	0.8048871948625602
0.010993486434370621	0.7990922445513434
0.011179862824337635	0.7931990504368086
0.011369398917911373	0.7872059469576698
0.0115621482826434	0.7811112403158029
0.01175816539423459	0.7749132079975359
0.01195750565193128	0.7686100982868268
0.01216022539418243	0.762200129770182
0.012366381914562269	0.7558037214542803
0.012576033477962906	0.7494221349843211
0.012789239337061348	0.7429323592646971
0.013006059749065789	0.7363325601255201
0.013226555992745814	0.7296208723015826
0.013450790385751248	0.722795398905191
0.013678826302224625	0.7158542108900537
0.013910728190712313	0.708795346506089
0.01414656159237927	0.7016168107449869
0.014386393159532572	0.6943165747763674
0.014630290674458951	0.688004040614819
0.01487832306858176	0.6827053350421458
0.01513056044194274	0.6773167986753907
0.01538707408301392	0.6718369085819326
0.01564793648884552	0.6662641160103443
0.015913221385555443	0.6605968459526809
0.016183003749166057	0.6548334966993391
0.01645735982679421	0.6489724393863777
0.016736367158200583	0.6430120175351591
0.01702010459770437	0.636950546584191
0.01730865233646935	0.6314827077397419
0.01760209192516793	0.6266244433505127
0.017900506297029384	0.6216838151194045
0.018203979791278812	0.6166594267036294
0.01851259817697342	0.6115498580877138
0.018826448677242997	0.6063536651821684
0.019145619993941376	0.6010693794153563
0.019470202332715632	0.5956955073184339
0.01980028742850048	0.5902305301032627
0.020135968571444854	0.5846729032331617
0.02047734063327794	0.5803586583605008
0.020824500094122237	0.5773201657374397
0.021177545069761234	0.5742301604946638
0.021536575339369382	0.5710877693208588
0.021901692373712103	0.5678921040991587
0.022272999363823855	0.5646422616561448
0.022650601250172524	0.561337323506586
0.023034604752318222	0.5579763555938531
0.023425118399074712	0.5545584080259298
0.023822252559182414	0.551082514806951
0.024226119472501327	0.5476621089165927
0.02463683328173276	0.54429909683622
0.02505451006467877	0.540879070445174
0.02547926786704869	0.5374010631600624
0.025911226735821788	0.5338640920106714
0.026350508753175343	0.5302671573621506
0.026797238070988147	0.5266092426324935
0.027251540945928937	0.5228893140052258
0.027713545775139542	0.519106320137225
0.028183383132523047	0.5152591918615824
0.02866118580564722	0.5113218522230102
0.02914708883327361	0.5072925608980339
0.029641229543522683	0.5031949595991692
0.030143747592686156	0.4990278902437269
0.030654785004697392	0.49479017511564005
0.031174486211270773	0.4904806165326137
0.03170299809272158	0.48609799650762797
0.032240470019478044	0.4816410764047064
0.03278705389429716	0.4771085965888488
0.03334290419519608	0.47249927607002395
0.03390817801911129	0.4679864890981021
0.03448303512629816	0.46357334669631844
0.03506763798548322	0.45908538676015576
0.03566215181978157	0.4545213408819936
0.03626674465339311	0.4498799191504568
0.03688158735909036	0.4451598097858569
0.03750685370651129	0.4403596787694475
0.03814272041127069	0.4354781694664001
0.038789367184904555	0.4305139022423846
0.03944697678566097	0.42546547407365337
0.04011573507015191	0.4215725865987792
0.040795831045880984	0.41886530652454085
0.04148745692466166	0.41611212899185
0.042190808176941	0.41331227588516906
0.04290608358704426	0.4104649558972966
0.04363348530935635	0.40756936430572566
0.044373218925455746	0.40462468274521046
0.04512549350221661	0.4016300789764742
0.04589052165089637	0.39858470665099943
0.046668519587224955	0.39548770507182796
0.04745970719251261	0.3926093787334683
0.048264308075793586	0.3899557239546192
0.049082549637023715	0.3872570808455569
0.04991466313134927	0.3845126867035101
0.05076088373446526	0.38172176589534196
0.05162145060908174	0.3788835296383384
0.05249660697251718	0.3759971757772774
0.053386600165437795	0.3730618885577228
0.05429168172176177	0.37007683839546923
0.055212107439749095	0.3670411816420821
0.05614813745429652	0.3644409803392335
0.057100036310457944	0.3622877270292157
0.05806807303821126	0.36009796886871204
0.059052521228492916	0.3578710869783257
0.060053659110521615	0.35560645198658347
0.06107176963043235	0.3533034238520587
0.06210714053124414	0.3509613516824804
0.06316006443418334	0.3485795735507745
0.06423083892138551	0.346157416307989
0.06531976661999925	0.34369419539304297
0.06642715528771626	0.34154372320534027
0.0675533178997513	0.3397142943063158
0.06869857273729645	0.3378538504644033
0.06986324347747515	0.33596186587251486
0.07104765928482162	0.33403780580937187
0.07225215490431065	0.3320811264883814
0.07347707075596457	0.33009127490394685
0.07472275303106449	0.328067688675176
0.0759895537899926	0.32600979588693885
0.07727783106173274	0.3239170149282291
0.07858794894505827	0.3221377828224753
0.07992027771143562	0.3206803614383944
0.08127519390967182	0.3191982318839033
0.08265308047233633	0.31769097527281553
0.0840543268239873	0.31615816561742216
0.08547932899123273	0.3145993697080973
0.08692848971465711	0.31301414699086133
0.08840221856264566	0.31140204944287014
0.08990093204713845	0.30976262144579303
0.09142505374134735	0.3080953996570442
0.09297501439946756	0.30674435399627464
0.09455125207841958	0.3057177521510638
0.0961542122616551	0.3046737459685678
0.09778434798506135	0.3036120403870178
0.09944211996499988	0.3025323353423603
0.10112799672851666	0.301434325683452
0.10284245474575948	0.30031770108581635
0.10458597856463961	0.2991821459639383
0.10635906094777714	0.29802733938207177
0.10816220301176807	0.2968529549635358
0.1099959143688119	0.29585439273729885
0.11186071327074038	0.29503628566062495
0.11375712675548838	0.2942043089308189
0.1156856907960481	0.29335822741083883
0.11764695045194742	0.292497801977283
0.11964146002329763	0.29162278945280745
0.12166978320745231	0.2907329425373985
0.12373249325832185	0.2898280097384797
0.12583017314838887	0.28890773529983355
0.12796341573347078	0.28797185912931816
0.1301328239202756	0.28707345826516345
0.13233901083679792	0.2862136182977657
0.13458260000560376	0.2853392011650591
0.13686422552005356	0.28444995973530246
0.13918453222351285	0.2835456426870442
0.14154417589160012	0.28262599443809316
0.14394382341752546	0.28169075507328417
0.14638415300057117	0.2807396602710207
0.14886585433776733	0.27977244122857003
0.15138962881881685	0.2787888245860937
0.1539561897243255	0.2781250598550151
0.1565662624273933	0.2777894102405689
0.15922058459862143	0.27744807024174756
0.16191990641459691	0.2771009433874904
0.16466499076991092	0.27674793157122923
0.16745661349277144	0.27638893502316136
0.17029556356427086	0.2760238522820519
0.17318264334137182	0.2756525801665586
0.17611866878367344	0.2752750137460697
0.17910446968402055	0.27489104631104894
0.18214088990302393	0.27444686687769165
0.1852287876075565	0.2739410013459956
0.18836903551329195	0.27342655970041896
0.1915625211313552	0.27290339654712736
0.19481014701915514	0.27237136402737444
0.19811283103547012	0.2718303117757131
0.20147150659985671	0.2712800868774988
0.20488712295645675	0.2707205338256717
0.20836064544227734	0.2701514944768071
0.21189305576001943	0.26957280800641975
0.21548535225552995	0.26891003950955467
0.2191385501999592	0.268161136586404
0.22285368207670214	0.2673995372521481
0.22663179787320292	0.2666250262601238
0.23047396537770667	0.26583738471451734
0.23438127048104318	0.26503639000849755
0.23835481748352697	0.264221815761303
0.24239572940705814	0.2633934317542604
0.2465051483125168	0.2625510038657192
0.25068423562253794	0.2616942940048837
0.2549341724497574	0.2608573616863248
0.2592561599306229	0.26004083174738474
0.263651419564865	0.25921045889307576
0.26812119356072395	0.2583660084396507
0.2726667451860265	0.25750724172468703
0.2772893591252171	0.2566339160396356
0.281990341842442	0.25574578456122465
0.2867710219507872	0.25484259628170264
0.29163275058777705	0.25392409593789567
0.29657690179723906	0.25299002393906506
0.301604872917643	0.2522721544768599
0.3067180849770227	0.25177611155326113
0.3119179830945925	0.251271659041865
0.3172060368891745	0.25075865437201167
0.3225837408945492	0.2502369525559914
0.32805261498184624	0.24970640614806766
0.33361420478909765	0.24916686520280498
0.33927008215807397	0.248618177232691
0.34502184557852467	0.24806018716503966
0.3508711206399501	0.24749273729816387
0.3568195604910331	0.24700240083470895
0.36286884630686106	0.24659121722726562
0.3690206877640648	0.2461730626814557
0.37527682352401626	0.2457478190165422
0.3816390217242176	0.24531536604822915
0.38810908047801956	0.24487558155469485
0.3946888283828117	0.2444283412420482
0.4013801250368295	0.24397351870920078
0.4081848615647239	0.24351098541214283
0.4151049611520369	0.2430406106276132
0.42214237958874223	0.24267807615988599
0.4292991058220006	0.2424261878610364
0.43657716251828405	0.24217002921245795
0.4439786066350301	0.24190952781743
0.4515055300019897	0.24164461005186508
0.45916005991243	0.24137520104350121
0.4669443597243591	0.24110122465074088
0.4748606294719433	0.24082260344113154
0.4829111064872912	0.2405392586694816
0.49109806603278056	0.24025111025560492
0.49942382194410007	0.24002210978284264
0.5078907272841978	0.2398538005125452
0.5165011750083155	0.23968263783678953
0.5252575986402952	0.23950857338080297
0.5341624729603521	0.23933155794969838
0.5432183147045091	0.2391515415145706
0.5524276832758899	0.23896847319835723
0.5617931814680651	0.23878230126145938
0.5713174562006686	0.2385929730871186
0.581003199267482	0.23840043516654635
0.5908531480972009	0.2382650154281934
0.6008700865270983	0.23818819190668236
0.6110568455898062	0.2381100659693555
0.6214163043134371	0.23803061553590543
0.6319513905352644	0.23794981815168995
0.6426650817292021	0.2378676509813854
0.6535604058473143	0.2377840908025328
0.664640442175587	0.23769911399897495
0.6759083222042086	0.23761269655418174
0.687367230512607	0.2375248140444625
0.6990204056694916	0.23748201890166476
0.7108711411481512	0.23748546866852283
0.722922786257268	0.23748897692047546
0.7351787470875167	0.23749254464904068
0.7476424874742114	0.23749617286254618
0.7603175299762654	0.23749986258641412
0.7732074568717561	0.23750361486345106
0.786315911170365	0.23750743075414257
0.7996465976429815	0.2375113113369529
0.8132032838687591	0.23751525770863016
0.8269898012999282	0.2375495464822388
0.8410100463446608	0.237614947619973
0.855267981468286	0.23768145752588762
0.8697676363131823	0.2377490949973144
0.8845131088376559	0.23781787915026262
0.8995085664741215	0.23788782942482206
0.9147582473069199	0.23795896559065696
0.9302664612701064	0.23803130775259365
0.9460375913655462	0.23810487635630237
0.9620760949016535	0.23817969219407611
0.9783865047531382	0.23826555884417344
0.9949734306421101	0.2383627462288398
1.0118415604408977	0.23846158126495984
1.0289956614969529	0.23856209188574032
1.0464405819802236	0.23866430649794937
1.064181252253368	0.23876825398994495
1.0822226862651902	0.2388739637398393
1.1005699829677078	0.2389814656238021
1.1192283277572432	0.23909079002450395
1.1382029939399423	0.23920196783970354
1.157499344222137	0.23931475826416662
1.1771228322259815	0.2394291863391383
1.1970790040307793	0.23954555435296837
1.2173734997404417	0.2396638951941135
1.2380120550775158	0.2397842423085997
1.259000503004244	0.239906629709475
1.280344775371104	0.24003109198642247
1.3020509045932895	0.2401576643155361
1.324125025355623	0.24028638246926243
1.346573376346368	0.24041728282651062
1.3694023020204367	0.24054137395720948
1.3926182543924834	0.2406584642128048
1.4162277948604052	0.24077753954013043
1.4402375960597587	0.24089863359279612
1.4646544437496023	0.24102178059495313
1.489485238730322	0.24114701535096633
1.51473699879397	0.24127437325525136
1.5404168607076627	0.2414038903022775
1.566532082230602	0.24153560309674083
1.5930900441653	0.24166954886390954
1.6200982524435794	0.2417868707397424
1.6475643402479245	0.24188712740240498
1.6754960701688117	0.24198908375105596
1.703901336398609	0.24209276860106183
1.7327881669626681	0.24219821125630564
1.7621647259882356	0.24230544151746963
1.7920393160118402	0.24241448969045712
1.8224203803257968	0.2425253865949581
1.853316505364485	0.24263816357315926
1.8847364231310813	0.24275285249860254
1.916689013665442	0.242843754068476
1.949183307553826	0.24291024780483939
1.9822284884811492	0.2429778688325869
2.015833895826523	0.24304663626308057
2.0500090273027984	0.2431165695316837
2.0847635416408483	0.24318768840325455
2.1201072613193555	0.24326001297773142
2.1560501753408943	0.2433335636958141
2.19260244205507	0.24340836134474064
2.2297743920295074	0.24348442706416212
2.2675765309695297	0.24353455503759971
2.306019542687331	0.24355807570637245
2.3451142921214814	0.2435819951292039
2.3848718284076194	0.24360632006631
2.425303388001213	0.24363105739251503
2.466420397853267	0.24365621409919433
2.5082344786398427	0.2436817972962507
2.5507574480463564	0.24370781421412344
2.594001324107549	0.24373427220583208
2.6379783286040754	0.24376117874905437
2.6827008905166734	0.24376403192888405
2.7281816495389037	0.243742217074291
2.7744334596494413	0.24372003238489892
2.821469392744924	0.24369747159077004
2.8693027423343835	0.24367452831567032
2.9179470272963197	0.24365119607526714
2.967415995699482	0.2436274682752967
3.0177236286883886	0.24360333820970054
3.0688841444347537	0.24357879905872978
3.1209120021558947	0.24355384388701817
3.173821906201257	0.24351029413775271
3.227628810208219	0.24344768118408064
3.2823479213283613	0.24338400673127994
3.3379947045253915	0.24331925278338762
3.3945848869459034	0.24325340103934878
3.452134462364263	0.24318643288784447
3.5106596957028504	0.24311832940203154
3.5701771276289174	0.2430490713341935
3.6307035792293805	0.24297863911030076
3.6922561567648793	0.2429070128244783
3.7548522565044355	0.24282448721272568
3.8185095696420452	0.2427307957432673
3.883246087296655	0.24263551588981883
3.9490801055968987	0.24253862072395524
4.0160302308520315	0.2424400828607247
4.084115384810512	0.24233987445090893
4.15335481000777	0.24223796717315182
4.223768075204623	0.24213433222595585
4.295375080917878	0.24202894031954153
4.368196065044701	0.24192176166756954
4.442251608582351	0.24260000153598857
4.517562641444888	0.2440836204904031
4.594150448378453	0.24559239175172778
4.672036674976876	0.24712674173574914
4.751243333799254	0.2486871040874277
4.83179281059124	0.2502739198034582
4.913707870611789	0.25188763735690506
4.997011665067193	0.2535287128239525
5.081727737654187	0.25519761001280167
5.167880031213956	0.25689480059475606
5.255492894498976	0.26257287987667083
5.34459108905458	0.2723326972434203
5.4351997962171765	0.28225797618038206
5.527344624231095	0.2923515218149679
5.621051615486111	0.3026161868308879
5.716347253877695	0.3130548722743851
5.813258472291963	0.32367052837415006
5.911812660217597	0.3344661553751224
6.012037671486796	0.3454448043864369
6.1139618321474405	0.35660957824373557
6.217613948468717	0.37106140585800085
6.323023315082487	0.3888821622457961
6.430219723262686	0.4070050400999562
6.53923346934505	0.42543516139053084
6.650095363289597	0.4441777349221025
6.762836737388284	0.46323805780592797
6.877489455120308	0.48262151695702166
6.994085920157464	0.5023335906166446
7.112659085522235	0.522379849900583
7.233242462901145	0.5427659603736739
7.355870132115967	0.5627909711816848
7.480576750755502	0.5824427950830523
7.607397563970681	0.602427783173678
7.736368414435725	0.6227515837016571
7.867525752478134	0.6434199406718009
8.000906646380447	0.6644386954690252
8.13654879285668	0.6858137885092743
8.274490527706323	0.7075512609184162
8.414770836648957	0.7296572562396308
8.557429366342594	0.7521380221697165
8.702506435588823	0.76217210212917
8.850043046727835	0.7594402029708167
9.000080897226729	0.7566619889781359
9.152662391464244	0.7538366749596713
9.307830652715264	0.7509634624123434
9.4656295353385	0.7480415392957732
9.626103637170822	0.7450700798027783
9.789298312131727	0.7420482441259821
9.955259683041426	0.7389751782204614
10.124034654656292	0.735850013562373
10.295670926925336	0.7259097558061687
10.470217008471352	0.7089817870132172
10.64772223030063	0.6917668324917675
10.828236759745124	0.6742600268731858
11.011811614640994	0.6564564223045621
11.19849867774748	0.6383509870503129
11.388350711410215	0.6199386040700977
11.58142137247319	0.6012140695726134
11.777765227443524	0.5821720915448837
11.977437767913225	0.562807288256594
12.180495426242514	0.5639290672063865
12.386995591509024	0.5860604439431396
12.596996625727332	0.6085670215887056
12.810557880343474	0.6314551610542759
13.027739713009142	0.6547313310897798
13.248603504640279	0.6784021101120998
13.473211676764754	0.7024741880643113
13.701627709164256	0.726954368306412
13.933916157815268	0.7518495695381268
14.17014267313414	0.7771668277542872
14.410374018531483	0.8327423271643938
14.65467808928117	0.9193408344704675
14.903123931709256	1.0074074763182512
15.155781762708072	1.0969671425020442
15.41272298958129	1.188045144781455
15.674020230225409	1.2806672240351455
15.939747333653324	1.3748595575357911
16.209979400865834	1.4706487663484888
16.484792806077063	1.5680619228544872
16.764265218299727	1.667126558402474
17.048475623296255	1.7252083452860385
17.337504345902076	1.7412523723160096
17.63143307272744	1.7575683993030684
17.93034487524408	1.7741610375568617
18.234324233263173	1.7910349765641724
18.543457058811434	1.8081949853142805
18.857830720412014	1.8256459136467897
19.177534067776964	1.8433926936223248
19.502657456918286	1.8614403409164415
19.833292775684804	1.879793956237188
