Bin Center	Bin Value
1.0084766734865977e-06	127.10953988777
1.025573728446591e-06	126.08181347235114
1.0429606357115412e-06	125.04084716590081
1.0606423092481435e-06	123.9945226279537
1.0786237463312785e-06	122.9627241734311
1.096910028956362e-06	121.92740579789381
1.1155063252756382e-06	120.88332956436534
1.1344178910588306e-06	119.83861865842503
1.1536500711785527e-06	118.80796722615891
1.1732083011208957e-06	117.76351523871398
1.1930981085216315e-06	116.76841028057315
1.213325114728462e-06	115.8259912314531
1.2338950363897473e-06	114.87721913576716
1.2548136870701676e-06	113.93090046226651
1.276086978893783e-06	112.98969052390795
1.297720924214946e-06	112.0439741415898
1.3197216373175394e-06	111.09458778895316
1.3420953361430188e-06	110.15326767363382
1.3648483440477588e-06	109.20364800364989
1.3879870915901932e-06	108.25991124741871
1.4115181183482398e-06	107.35196382460849
1.4354480747675497e-06	106.47981795033051
1.4597837240410894e-06	105.61230859062549
1.484531944020583e-06	104.7426075779941
1.509699729160358e-06	103.87602060772215
1.5352941924941531e-06	103.00738756275071
1.56132256764544e-06	102.13655198304772
1.5877922108718152e-06	101.2685759326323
1.6147106031440625e-06	100.39798749575047
1.6420853522604615e-06	99.53023022326695
1.669924194996937e-06	98.69550649024195
1.698234999293656e-06	97.89434174523272
1.727025766478706e-06	97.096310458767
1.7563046335294701e-06	96.30279232779762
1.7860798753723282e-06	95.51462910489288
1.816359907221357e-06	94.72044232167833
1.8471532869566818e-06	93.91628043703675
1.8784687175431391e-06	93.10594009384212
1.9103150494899438e-06	92.31829170620593
1.942701283352064e-06	91.52154527457918
1.9756365722740036e-06	90.74860379954717
2.009130224576702e-06	90.00624297152191
2.043191706388287e-06	89.27398551280481
2.077830644319443e-06	88.53667521614473
2.1130568281841312e-06	87.8043495266205
2.148880213766419e-06	87.07000802708306
2.1853109256342356e-06	86.33298673298039
2.2223592600008277e-06	85.59923048664972
2.260035687634718e-06	84.86291879231722
2.2983508568189965e-06	84.12893601057877
2.33731559636079e-06	83.42303259347187
2.3769409186517584e-06	82.74585591268219
2.4172380227804506e-06	82.0718724393056
2.458218297697449e-06	81.3959069629032
2.499893325434172e-06	80.72276016310964
2.5422748843762352e-06	80.04809811052806
2.5853749525923086e-06	79.37135560446411
2.6292057112194152e-06	78.69589829133523
2.6737795479056283e-06	78.02171415826763
2.7191090603111086e-06	77.3462556787183
2.765207059668523e-06	76.70175782998469
2.812086574403813e-06	76.08747041438117
2.8597608538183485e-06	75.46824280019455
2.908243371833496e-06	74.84046017487289
2.9575478307986853e-06	74.22133790719103
3.007688165364037e-06	73.60430039527928
3.0586785464186307e-06	72.98359624802586
3.1105333850955385e-06	72.35433729186711
3.1632673368447717e-06	71.73855507082479
3.216895305575281e-06	71.11971162252442
3.271432447867146e-06	70.52082187949561
3.326894177255208e-06	69.94592866325779
3.3832961685853226e-06	69.37928586035176
3.4406543624444367e-06	68.8076527202103
3.4989849696657957e-06	68.23546758906514
3.5583044759105364e-06	67.66558947858377
3.6186296463269256e-06	67.09592804913164
3.679977530288602e-06	66.51923248962147
3.7423654662131476e-06	65.95271777030949
3.8058110864623638e-06	65.38093635788599
3.870332322325599e-06	64.83142429106921
3.935947409087562e-06	64.30636336878217
4.0026748911820734e-06	63.781491561211226
4.070533627433186e-06	63.25561822093367
4.1395427963851244e-06	62.732727398035195
4.209721901722633e-06	62.20794137741119
4.2810907777831974e-06	61.68129278395632
4.3536695951627085e-06	61.157935325442686
4.427478866416158e-06	60.63125761957143
4.5025394518550016e-06	60.10728496363278
4.5788725654428015e-06	59.60315872825163
4.656499780790804e-06	59.119122325933944
4.735443037255164e-06	58.63779580879949
4.815724646137554e-06	58.155035232747856
4.897367296990898e-06	57.67386629735826
4.980394064031971e-06	57.19307665657086
5.0648284126627486e-06	56.712744554751566
5.150694206102325e-06	56.234294176069255
5.23801571213121e-06	55.74858831035793
5.3268176099500205e-06	55.26522328837261
5.417124997154431e-06	54.80320223439989
5.508963396828368e-06	54.360066529086474
5.602358764757438e-06	53.91097621872875
5.697337496764694e-06	53.471247365905256
5.793926436170743e-06	53.02885906499942
5.892152881380323e-06	52.583893294695
5.9920445935974825e-06	52.13857917360367
6.093629804671601e-06	51.697383710849934
6.1969372250764114e-06	51.25099164845146
6.301996052024249e-06	50.808033398805165
6.408835977717925e-06	50.382388293963224
6.517487197742476e-06	49.97317997225251
6.627980419599171e-06	49.56414362537203
6.740346871384189e-06	49.158341831325636
6.854618310614458e-06	48.74997365199315
6.970827033203125e-06	48.34229748848677
7.089005882587156e-06	47.93507598135969
7.209188259009688e-06	47.52442611148677
7.331408128959766e-06	47.118942669522994
7.4557000347721344e-06	46.710092413113536
7.582099104389701e-06	46.318180113385985
7.710641061291574e-06	45.94376879569503
7.841362234589427e-06	45.56683205895762
7.974299569294943e-06	45.19411617036165
8.109490636761403e-06	44.8194591269143
8.2469736453023e-06	44.44459215382648
8.386787450989916e-06	44.06991744538404
8.528971568637e-06	43.69445086404584
8.673566182964624e-06	43.31991861167371
8.820612159959398e-06	42.94862123969293
8.970151058423186e-06	42.5921339320681
9.122225141718621e-06	42.24782738000092
9.276877389713784e-06	41.89825978259397
9.434151510929404e-06	41.553936429538545
9.594091954891897e-06	41.21226685072717
9.756743924695923e-06	40.868030437649125
9.922153389779922e-06	40.520576413052716
1.009036709891814e-05	40.17402038547282
1.0261432593433015e-05	39.83301753898734
1.0435398220631543e-05	39.4868257203229
1.0612313147469377e-05	39.15418666184975
1.079222737444664e-05	38.83746023177408
1.0975191749739265e-05	38.52191982838285
1.1161257983569949e-05	38.20240077488657
1.1350478662822769e-05	37.88665145314214
1.1542907265905469e-05	37.570809995054304
1.1738598177863784e-05	37.25301340657327
1.1937606705752042e-05	36.933484539469674
1.2139989094264214e-05	36.619239058600485
1.2345802541630085e-05	36.30100440534508
1.25551052157809e-05	35.996066967762545
1.276795627078901e-05	35.70532927585005
1.2984415863586297e-05	35.41260622658557
1.3204545170965955e-05	35.12164329003365
1.3428406406872572e-05	34.83111477052514
1.365606283998538e-05	34.539558274687295
1.3887578811599428e-05	34.24731937680669
1.4123019753810072e-05	33.95662900230602
1.4362452208005724e-05	33.664197370982784
1.4605943843673997e-05	33.37330861542133
1.4853563477526813e-05	33.09337874819008
1.5105381092949725e-05	32.824572095805124
1.5361467859780866e-05	32.55740411946526
1.5621896154425324e-05	32.289199433195755
1.5886739580310524e-05	32.02213429693807
1.6156072988688328e-05	31.754544538873105
1.6429972499789846e-05	31.486153207695065
1.6708515524338865e-05	31.21813028983048
1.6991780785430004e-05	30.950755558270153
1.7279848340777897e-05	30.682760776927715
1.7572799605343317e-05	30.427042972284806
1.787071737434314e-05	30.183500610265792
1.817368584665031e-05	29.938475759268144
1.8481790648590444e-05	29.689706831821805
1.8795118858141955e-05	29.442900634116832
1.911375902954649e-05	29.197869270600826
1.943780121833644e-05	28.952728606369426
1.976733700678692e-05	28.703826650982418
2.010245952979909e-05	28.45646457536577
2.0443263501222395e-05	28.21028014056526
2.0789845240623102e-05	27.97345464942339
2.1142302700506447e-05	27.74617142607618
2.150073549400046e-05	27.520272432545095
2.1865244923009176e-05	27.293239214085457
2.2235934006842876e-05	27.067509797784265
2.2612907511333957e-05	26.84112650095062
2.2996271978446405e-05	26.613965849563332
2.3386135756387007e-05	26.387817384777513
2.378260903022729e-05	26.160924502492026
2.4185803853044587e-05	25.93454015571045
2.4595834177590902e-05	25.71709263695279
2.5012815888498808e-05	25.508550890364635
2.5436866835033212e-05	25.30006145790089
2.58681068643985e-05	25.092808608588175
2.6306657855610375e-05	24.884762573897895
2.6752643753941705e-05	24.67679867586331
2.720619060595257e-05	24.469109300611944
2.7667426595114205e-05	24.261174463439893
2.8136482078036625e-05	24.056181815148705
2.8613489621310677e-05	23.848194236795116
2.9098584038974685e-05	23.646752525160835
2.9591902430616117e-05	23.454065393681898
3.009358422011933e-05	23.26469338616881
3.060377119507013e-05	23.0731256769141
3.112260754682844e-05	22.880574732012406
3.165023991128045e-05	22.68940288441535
3.21868174102813e-05	22.499118108798168
3.273249169380069e-05	22.306251816700083
3.328741698278297e-05	22.114587550803797
3.385175011273356e-05	21.923996314462336
3.4425650578044646e-05	21.739910919616722
3.500928057707227e-05	21.562719805150703
3.5602805057977356e-05	21.387550293476956
3.620639176534429e-05	21.21177633867832
3.682021128758963e-05	21.035410173677874
3.74444371051745e-05	20.859643030576578
3.807924563963456e-05	20.68403552300348
3.872481630344087e-05	20.50644793270403
3.938133155070636e-05	20.33178654805209
4.0048976928751986e-05	20.155364146629584
4.0727941130546655e-05	19.986138821390114
4.1418416048036695e-05	19.824535417432887
4.2120596826379276e-05	19.662079012561247
4.283468191909501e-05	19.50087424026875
4.356087314415589e-05	19.339311121672186
4.4299375741024114e-05	19.177574696111837
4.505039842865766e-05	19.01570154738206
4.581415346449944e-05	18.853573407821486
4.659085670446638e-05	18.69212473561873
4.738072766395563e-05	18.530198942142665
4.818398957988521e-05	18.37482975414362
4.9000869473785896e-05	18.226098633639598
4.983159821596325e-05	18.076836333982076
5.06764105907474e-05	17.93016529517316
5.153554536284851e-05	17.782347607776618
5.240924534483774e-05	17.633039811356962
5.329775746577216e-05	17.48330823786454
5.420133284098267e-05	17.335688848432326
5.5120226843045515e-05	17.186966813358772
5.605469917395691e-05	17.03741499504197
5.70050139385311e-05	16.89461890692436
5.797143971904293e-05	16.758358016532963
5.895424965113561e-05	16.62027084487249
5.9953721501015705e-05	16.484292323929708
6.097013774395682e-05	16.347975622855078
6.20037856441337e-05	16.210953166288
6.305495733581034e-05	16.07370228333924
6.412394990590445e-05	15.937581170994514
6.521106547795113e-05	15.800064120479206
6.631661129749061e-05	15.663593031779849
6.74408998189035e-05	15.532275730877025
6.858424879371796e-05	15.406049214447224
6.974698136041389e-05	15.280500681298173
7.092942613574999e-05	15.1548087079415
7.213191730763902e-05	15.029300686260934
7.335479472959735e-05	14.903651218919101
7.459840401679581e-05	14.777787524242628
7.586309664373918e-05	14.651900324764215
7.714923004360164e-05	14.526231320349584
7.845716770924578e-05	14.40057715856466
7.978727929595481e-05	14.279788295119882
8.113994072590647e-05	14.164043415852131
8.251553429441738e-05	14.04864881265353
8.391444877798925e-05	13.933076982155656
8.533707954418694e-05	13.817922148048536
8.678382866337875e-05	13.702721220678965
8.825510502237144e-05	13.587692950687575
8.975132443997161e-05	13.473767058338439
9.127290978450629e-05	13.35832087070292
9.28202910933363e-05	13.241556038032845
9.439390569439473e-05	13.130322402616429
9.599419832978691e-05	13.024892929951962
9.762162128148563e-05	12.918681253436343
9.927663449915664e-05	12.811229037906843
0.00010095970573015196	12.705446593846016
0.000102671310651707	12.599787481855731
0.00010441193300537818	12.493295289272135
0.00010618206473376047	12.385629558899652
0.00010798220611952227	12.280464010406696
0.0001098128659267977	12.174265103798188
0.00011167456154497583	12.071710104498539
0.00011356781913492733	11.973575810634149
0.00011549317377771094	11.876570655047848
0.00011745116962580011	11.778315303157118
0.000119442360056874	11.68082404322935
0.00012146730783021559	11.583392231923309
0.00012352658524576125	11.485556367123655
0.00012562077430584671	11.387104730656812
0.00012775046687969532	11.290155299162183
0.00012991626487069465	11.192088952518022
0.00013211878038650918	11.098153669624686
0.00013435863591207715	11.008530026241987
0.0001366364644855399	10.91811358485329
0.00013895290987715406	10.828801482203328
0.00014130862677123667	10.739031968365719
0.0001437042809511953	10.64920652380976
0.00014614054948769456	10.559392925899534
0.000148618120930013	10.469310882245837
0.000151137695500644	10.379683887295702
0.00015369998529319567	10.289786186531474
0.00015630571447364634	10.203537179831583
0.0001589556194850114	10.120987972961444
0.00016165044925548012	10.038155317410487
0.0001643909654100813	9.956070994395748
0.00016717794248593707	9.873559690042093
0.00017001216815116626	9.791093442699687
0.00017289444342749832	9.708753257256083
0.00017582558291666232	9.62621226969918
0.00017880641503061295	9.545075653548253
0.00018183778222566024	9.462801820934361
0.0001849205412405683	9.382868156825337
0.00018805556333869087	9.306185522635223
0.00019124373455421158	9.230987526820885
0.00019448595594255894	9.15537854747834
0.00019778314383506694	9.078808122117001
0.0002011362300979524	9.00251910011896
0.00020454616239568355	8.926662145447645
0.0002080139044588133	8.850248762163458
0.00021154043635635282	8.774626797861337
0.00021512675477276336	8.698591056755376
0.00021877387328964368	8.625602519854862
0.00022248282267219304	8.55577671092403
0.00022625465116053078	8.48574003563362
0.00023009042476595482	8.416210123440417
0.0002339912275722221	8.346435494210553
0.00023795816204193806	8.27667889482892
0.00024199234932813907	8.206908220863252
0.0002460949295911579	8.136783880722913
0.000250267062320861	8.067287720541467
0.0002545099266643491	7.997369759299778
0.00025882472175921256	7.930313744831571
0.0002632126670724374	7.866226944132099
0.0002676750027450568	7.801903740102504
0.000272212989942645	7.737958144579976
0.0002768279112117538	7.6745071101237174
0.00028152107084239176	7.611025558131986
0.0002862937952366485	7.54702334901842
0.0002911474332835686	7.482047090369535
0.00029608335674038034	7.418141386723226
0.0003011029606201888	7.354407127977787
0.0003062076635862394	7.2927093038274124
0.0003113989083528686	7.2332201719545965
0.0003166781620932493	7.174346498858855
0.0003220469168540502	7.1158123035630485
0.0003275066899771249	7.056529442529142
0.0003330590245283501	6.997486593665641
0.00033870548973373356	6.938800746108209
0.0003444476814229158	6.879679711320322
0.0003502872224801914	6.820411977168289
0.0003562257633031753	6.761674460125955
0.0003622649822692456	6.70504495310616
0.0003684065862098948	6.65053648181112
0.00037465231089312185	6.596530138802312
0.0003810039215140027	6.542408931602062
0.0003874632131935779	6.4881772646839835
0.0003940320114861983	6.434060648947397
0.0004007121728954702	6.379944064003001
0.0004075055853989504	6.325357414135197
0.0004144141689817342	6.271551614787477
0.00042143987617909023	6.217217190864042
0.00042858469262829513	6.165180787139679
0.0004358506376298232	6.115518597955266
0.00044323976471805033	6.065438268220369
0.00045075416224163326	6.0160477486798385
0.0004583959539537282	5.966281216248352
0.00046616729961221495	5.9165626608676885
0.0004740703955900987	5.866906188212353
0.00048210747549625794	5.8168984172207825
0.0004902808108067176	5.767403435216326
0.0004985927115066238	5.717726982549921
0.0005070455267431023	5.670310946931721
0.0005156416454891852	5.6250366116890245
0.0005243834972189932	5.579114828229289
0.0005332735525943647	5.533456237082583
0.0005423143241631259	5.488221995163863
0.0005515083670691978	5.442696602367695
0.0005608582797747427	5.396857034984795
0.0005703667047945538	5.3514024828158435
0.0005800363294428943	5.306050579412519
0.0005898698865929987	5.260274824802357
0.0005998701554494499	5.216527791727453
0.0006100399623336496	5.174823284040549
0.0006203821814826074	5.132631654511519
0.0006308997358612702	5.091013181972807
0.0006415955979886241	5.049287027943368
0.0006524727907778005	5.00740743841999
0.0006635343883904261	4.965485480984076
0.0006747835171054565	4.923795705692674
0.0006862233562027389	4.881810281401552
0.0006978571388615554	4.84011163273894
0.0007096881530743971	4.799961320570748
0.000721719742576234	4.761381897592108
0.0007339553077895347	4.723103717081604
0.0007463983067853096	4.684605822039033
0.000759052256260447	4.64635142381953
0.0007719207325316177	4.607992011093393
0.0007850073725460303	4.569507214627916
0.0007983158749093201	4.531218904824601
0.0008118500009308684	4.492787751183883
0.0008256135756868389	4.454480553113839
0.0008396104891012391	4.417666860658216
0.0008538446970453072	4.382341758238462
0.0008683202224555398	4.347066876142518
0.0008830411564706713	4.312331693796996
0.0008980116595879309	4.277548696216184
0.0009132359628389011	4.242396267392167
0.0009287183689853098	4.206900038941033
0.0009444632537350985	4.171447777760356
0.0009604750669791034	4.136797079369625
0.000976758334048704	4.101632462909081
0.0009933176569947924	4.06763137129064
0.0010101577158884273	4.0351493041648245
0.0010272832701435355	4.00316285574047
0.0010446991598620384	3.9707352177812965
0.0010624103072017859	3.9383581121423883
0.0010804217177676776	3.9062046283970964
0.0010987384820263695	3.874107912392523
0.0011173657767449654	3.8415466804616334
0.0011363088664540976	3.809577331226965
0.001155573104935813	3.7775463385986794
0.0011751639367366833	3.74665078026343
0.001195086898706568	3.717070597829088
0.0012153476215634612	3.6879248285211097
0.0012359518314848752	3.658480091996936
0.0012569053517261955	3.6293115174829262
0.0012782141042664767	3.600207181824002
0.0012998841114821393	3.5710564094159634
0.0013219214978490406	3.5418541880531
0.0013443324916734025	3.5131443207933293
0.0013671234268520828	3.484213984459953
0.0013903007446626919	3.456676048634051
0.0014138709955840512	3.4305955944861504
0.0014378408411475259	3.404423442140252
0.001462217055819732	3.3788814431532184
0.001487006528917169	3.35333102282861
0.0015122162665533096	3.3280574816018453
0.0015378533936186989	3.303107628515498
0.0015639251557946247	3.2782795158360467
0.0015904389216009206	3.2542822023146694
0.0016174021844784967	3.230619037541411
0.001644822564907166	3.208706426918012
0.0016727078125593794	3.188714411214618
0.0017010658084904745	3.1695130674436762
0.0017299045673660539	3.1520082137705825
0.0017592322397271272	3.13624174422288
0.0017890571142936541	3.122584035416441
0.00181938762030714	3.111465319185948
0.0018502323299129445	3.1033779888820545
0.0018815999605829837	3.1022073593049955
0.0019134993775794988	3.1095919723870606
0.0019459395964605988	3.1300689609345906
0.0019789297856282768	3.1697928493367167
0.0020124792689196255	3.236601153263013
0.002046597528241984	3.3799613553387844
0.0020812942062527554	3.6716612977954193
0.0021165791090846623	4.37707521591253
0.0021524622091171927	7.107753293502537
0.0021889536477950485	14.878191753138964
0.002226063738494361	1558.0440992865545
0.002263802969437506	792.3771159147514
0.0023021820066573316	10.324172257202303
0.002341211697011642	4.655983905699679
0.002380903071248787	3.5961651995282335
0.0024212673471252157	3.230349015385166
0.0024623159325758994	3.005206399585213
0.002504060428938488	2.863493436566718
0.002546512634232132	2.766525281017986
0.002589684546491897	2.694997452375883
0.0026335883671596977	2.6415543931063374
0.0026782365045327286	2.5957535550894795
0.002723641577270352	2.556534637569317
0.0027698164179604406	2.522461475635663
0.002816774076746179	2.491706835860827
0.002864527825014361	2.463647455176045
0.002913091159146204	2.436788636866223
0.00296247780433176	2.4112786199109375
0.0030127017184489882	2.386921712622774
0.003063777096008598	2.3631636581859734
0.0031157183721657643	2.340106532201885
0.003168540226799852	2.317780380466328
0.0032222575886633196	2.2966290368448044
0.0032768856396009427	2.2764995532983687
0.003332439818840581	2.256616684497916
0.0033889358273566797	2.2374082463554767
0.0034463896323077533	2.218167366909311
0.003504817471549092	2.1991291495475322
0.0035642358582219833	2.1803493639053024
0.0036246615854207296	2.161696713854139
0.0036861117309387823	2.1431805976205647
0.0037486036620953556	2.124980792459085
0.003812155040643852	2.107562397501485
0.0038767838277635053	2.0909438978693964
0.0039425082891356555	2.0746779856383966
0.004009347000106073	2.0586713801684273
0.004077318850934814	2.04304334013479
0.004146443052135065	2.027845232476539
0.004216739139902512	2.0131739956006536
0.004288226981636735	1.9991740360850716
0.0043609267815562435	1.986887638151428
0.0044348590864086695	1.976817499751046
0.004510044791277788	1.9713541650336261
0.004586505145488975	1.9737063803390154
0.004664261758614799	1.987934212058593
0.004743336606582408	2.0576615478099676
0.004823752037884462	2.450736167146444
0.004905530779895379	118.44328165935156
0.004988695945294638	236.22459343152065
0.0050732710385989945	3.1359433297309427
0.00515927996280543	2.251878749185135
0.005246747026146728	1.938623718708383
0.005335696948961579	1.8546196995007742
0.005426154870681148	1.8119750658019012
0.005518146356934106	1.7831802165390196
0.005611697406772088	1.7614456556381075
0.005706834460017679	1.742189530227026
0.005803584404736951	1.7245242101568241
0.005901974584838687	1.7078927550549152
0.006002032807802441	1.6920834654342913
0.006103787352537622	1.6768925479907466
0.006207266977375798	1.6618767166286004
0.0063125009281985115	1.647690823528684
0.006419518946702887	1.634289447092466
0.006528351278807347	1.620896865283968
0.006639028683199877	1.6078773489847284
0.006751582440031165	1.594821569473329
0.006866044359755151	1.5818085149346501
0.006982446792119436	1.5688661315307741
0.007100822635308117	1.555969115058269
0.007221205345239623	1.5431294927295225
0.007343628945022168	1.5303483861100182
0.007468128034569535	1.5180762123408316
0.007594737800379845	1.5063189898296092
0.007723494025480133	1.4946192611154279
0.007854433099539503	1.4829657244111947
0.007987592029153752	1.4713329117866798
0.008123008448304332	1.459719716734597
0.008260720628994637	1.4481115345755928
0.008400767492066627	1.4364796923347205
0.008543188618200779	1.4249677303516934
0.008688024259102596	1.4134269561530235
0.008835315348878707	1.4025624513081298
0.008985103515605851	1.3923565047542745
0.009137431093096001	1.3820376015076334
0.009292341132860928	1.3715903623226482
0.00944987741627962	1.361365729678211
0.00961008446697198	1.3512079113245707
0.009773007563382282	1.3409939478237392
0.009938692751575978	1.3306351995105903
0.010107186858253434	1.3207625753359484
0.010278537503984326	1.3110097663943796
0.010452793116666375	1.3016949241442461
0.01063000294521226	1.2928843503279204
0.010810217073468546	1.2842701356638364
0.010993486434370621	1.2758041923597832
0.011179862824337635	1.2673148787608965
0.011369398917911373	1.2589525316476018
0.0115621482826434	1.2507176182553739
0.01175816539423459	1.242549177986445
0.01195750565193128	1.2347012775538737
0.01216022539418243	1.2270391435759616
0.012366381914562269	1.2195955041538549
0.012576033477962906	1.2124790368716603
0.012789239337061348	1.206015661938207
0.013006059749065789	1.2001978714807064
0.013226555992745814	1.1953860181268592
0.013450790385751248	1.1919747625707626
0.013678826302224625	1.1908620915582706
0.013910728190712313	1.1932014744661583
0.01414656159237927	1.2059369466960324
0.014386393159532572	1.2419701739735989
0.014630290674458951	1.365573468136863
0.01487832306858176	22.234773741644812
0.01513056044194274	105.97151613737978
0.01538707408301392	40.85589042051835
0.01564793648884552	10.691265815034228
0.015913221385555443	1.3563091882530016
0.016183003749166057	1.1978616571389191
0.01645735982679421	1.1443055180257007
0.016736367158200583	1.1193176893412455
0.01702010459770437	1.1014463124118814
0.01730865233646935	1.0887949795404979
0.01760209192516793	1.079136865777825
0.017900506297029384	1.0712033170737711
0.018203979791278812	1.0643158059749478
0.01851259817697342	1.1792184733525315
0.018826448677242997	1.4394410355466392
0.019145619993941376	1.7046119916248896
0.019470202332715632	1.9746205275906115
0.01980028742850048	2.249432897729787
0.020135968571444854	2.0082226109224037
0.02047734063327794	1.7304482228291005
0.020824500094122237	1.448879790705651
0.021177545069761234	1.1627616380534436
0.021536575339369382	0.9908383665332153
0.021901692373712103	0.9824204106748025
0.022272999363823855	0.9739661830857957
0.022650601250172524	0.9654430076557967
0.023034604752318222	0.9569092266713706
0.023425118399074712	0.9504081065178059
0.023822252559182414	0.9440317763478592
0.024226119472501327	0.9377133544399278
0.02463683328173276	0.9315366573153863
0.02505451006467877	0.9259210229056369
0.02547926786704869	0.9209250432726074
0.025911226735821788	0.9160510258816128
0.026350508753175343	0.9113280282673623
0.026797238070988147	0.9067127823180726
0.027251540945928937	0.9025699233801848
0.027713545775139542	0.8989238949708335
0.028183383132523047	0.8953626699723428
0.02866118580564722	0.8919747343957949
0.02914708883327361	0.889019824265696
0.029641229543522683	0.8867892746253542
0.030143747592686156	0.8848680561062139
0.030654785004697392	0.8851781786283349
0.031174486211270773	11.30958225204542
0.03170299809272158	21.91255239103557
0.032240470019478044	0.9002873389056971
0.03278705389429716	0.8858404263030744
0.03334290419519608	0.8830212320224566
0.03390817801911129	0.8859147098541874
0.03448303512629816	0.8917331016088231
0.03506763798548322	0.9008992632194768
0.03566215181978157	0.9192381782024728
0.03626674465339311	0.9550372401949955
0.03688158735909036	1.0420227249064553
0.03750685370651129	1.4603950833367794
0.03814272041127069	2.7473026743337456
0.038789367184904555	41.873720815841466
0.03944697678566097	21.808292097285175
0.04011573507015191	1.4130463623326237
0.040795831045880984	1.0663160952127688
0.04148745692466166	0.9981224141305752
0.042190808176941	0.9860447440621352
0.04290608358704426	0.9891534011259587
0.04363348530935635	1.0037959038652433
0.044373218925455746	1.0279923626885612
0.04512549350221661	1.0615122483960686
0.04589052165089637	1.1099860109202069
0.046668519587224955	1.1749811366494753
0.04745970719251261	1.262601545332718
0.048264308075793586	1.38172909127155
0.049082549637023715	1.544108090995044
0.04991466313134927	1.8114550585167772
0.05076088373446526	2.2464555340754964
0.05162145060908174	3.021278265887789
0.05249660697251718	4.583487512830798
0.053386600165437795	7.667577340253496
0.05429168172176177	26.034399099576838
0.055212107439749095	127.59921988372781
0.05614813745429652	128.04217641571105
0.057100036310457944	25.207925334919327
0.05806807303821126	6.925830828853806
0.059052521228492916	4.028202733492144
0.060053659110521615	2.5749465843487007
0.06107176963043235	1.874263056287169
0.06210714053124414	1.4927748941157006
0.06316006443418334	1.2669110674520383
0.06423083892138551	1.1457378865619054
0.06531976661999925	1.1019013595684042
0.06642715528771626	126.61327170799247
0.0675533178997513	254.38080617307511
0.06869857273729645	1.7281459864762698
0.06986324347747515	8.381910565355174
0.07104765928482162	4.543386399717758
0.07225215490431065	0.8062213921848359
0.07347707075596457	0.7740277609478461
0.07472275303106449	0.7580052084367833
0.0759895537899926	0.7471426995562842
0.07727783106173274	0.7388652790920018
0.07858794894505827	0.7329151133166829
0.07992027771143562	0.7290169695445553
0.08127519390967182	0.7268874188401433
0.08265308047233633	0.7280177633687164
0.0840543268239873	0.7390772636238084
0.08547932899123273	34.32166106190416
0.08692848971465711	68.46964451696036
0.08840221856264566	0.772826579143769
0.08990093204713845	0.7448620958032371
0.09142505374134735	0.738480583415485
0.09297501439946756	0.7412735975056159
0.09455125207841958	0.7464109544669162
0.0961542122616551	0.7529091869077409
0.09778434798506135	0.7610580478588899
0.09944211996499988	0.7699466616408835
0.10112799672851666	0.7799201361404866
0.10284245474575948	0.7911615529598083
0.10458597856463961	0.8036594779855126
0.10635906094777714	0.8179178968688399
0.10816220301176807	0.8337275110510014
0.1099959143688119	0.8513184728927106
0.11186071327074038	0.8708601237880763
0.11375712675548838	0.8924449250628704
0.1156856907960481	0.9170609318794634
0.11764695045194742	0.944408672168828
0.11964146002329763	0.9748337511452985
0.12166978320745231	1.0087436966407908
0.12373249325832185	1.0466184918278263
0.12583017314838887	1.0904549262146308
0.12796341573347078	1.1398690692636844
0.1301328239202756	1.195782747907911
0.13233901083679792	1.2591620391586067
0.13458260000560376	1.3310377223835794
0.13686422552005356	1.4168653944756338
0.13918453222351285	1.5162759029903243
0.14154417589160012	1.6318281973712467
0.14394382341752546	1.766598157050053
0.14638415300057117	1.9241878440476912
0.14886585433776733	2.121010189054278
0.15138962881881685	2.3598258760417847
0.1539561897243255	2.665966339845483
0.1565662624273933	3.2592189891636854
0.15922058459862143	4.561986056430013
0.16191990641459691	4.218701872508219
0.16466499076991092	4.505530709381025
0.16745661349277144	5.1001304455328045
0.17029556356427086	5.794809431422824
0.17318264334137182	6.501561851011507
0.17611866878367344	7.0630942263641
0.17910446968402055	7.408993785598253
0.18214088990302393	7.7178041922619816
0.1852287876075565	7.545228192793397
0.18836903551329195	5.797709427746477
0.1915625211313552	4.81644486196763
0.19481014701915514	3.982229197454278
0.19811283103547012	3.287062143662109
0.20147150659985671	2.71940280535124
0.20488712295645675	2.264062537413961
0.20836064544227734	1.9251468837574288
0.21189305576001943	1.6495186250512093
0.21548535225552995	1.4253949428104071
0.2191385501999592	1.242928159296217
0.22285368207670214	1.0942932508319874
0.22663179787320292	0.9796206600491967
0.23047396537770667	0.8979734584763777
0.23438127048104318	1.0154761664544507
0.23835481748352697	1.133623539662421
0.24239572940705814	0.6737407901136289
0.2465051483125168	0.6255844281276026
0.25068423562253794	0.5840050400000318
0.2549341724497574	0.5480369399469852
0.2592561599306229	0.5167677477131071
0.263651419564865	0.4893384718879136
0.26812119356072395	0.4663286114828021
0.2726667451860265	0.4459221312166969
0.2772893591252171	0.4278642743142177
0.281990341842442	0.41200887472297776
0.2867710219507872	0.3983377766476846
0.29163275058777705	0.3915455751714955
0.29657690179723906	15.188934319358841
0.301604872917643	15.360008115798621
0.3067180849770227	0.4747710610523091
0.3119179830945925	0.3487680915408346
0.3172060368891745	0.3414266262115525
0.3225837408945492	0.33638492003168796
0.32805261498184624	0.34344102122228554
0.33361420478909765	0.37016787208331475
0.33927008215807397	0.42172475790173464
0.34502184557852467	0.34671303097088046
0.3508711206399501	7.810773579012437
0.3568195604910331	7.876279821830772
0.36286884630686106	0.33609025232498346
0.3690206877640648	0.3454342263444502
0.37527682352401626	0.37741455065118856
0.3816390217242176	0.4088183334706155
0.38810908047801956	0.4104612885464861
0.3946888283828117	0.5392443216252897
0.4013801250368295	1.1466517995874872
0.4081848615647239	0.5216828418586227
0.4151049611520369	0.3333286694221553
0.42214237958874223	0.3052523838443102
0.4292991058220006	0.29405909546955517
0.43657716251828405	0.29078802563112915
0.4439786066350301	0.2894573943490527
0.4515055300019897	0.2886859299708024
0.45916005991243	0.288563524682919
0.4669443597243591	0.289562237375265
0.4748606294719433	0.2918954496011017
0.4829111064872912	0.29678051443319414
0.49109806603278056	0.305704064156762
0.49942382194410007	0.32002155582730457
0.5078907272841978	0.3452600676387027
0.5165011750083155	0.3903544962271013
0.5252575986402952	6.634478309220402
0.5341624729603521	4.804938633051071
0.5432183147045091	2.218424507406816
0.5524276832758899	2.396676407410299
0.5617931814680651	4.901294543904859
0.5713174562006686	3.444253647968878
0.581003199267482	13.123869062325598
0.5908531480972009	16.209943351498296
0.6008700865270983	8.610014515455154
0.6110568455898062	0.4572949769820081
0.6214163043134371	0.5909391740510126
0.6319513905352644	0.4801017662447677
0.6426650817292021	0.5277744085770546
0.6535604058473143	0.6766863198406139
0.664640442175587	0.3895953126544998
0.6759083222042086	0.35928625873538855
0.687367230512607	0.35564488287812035
0.6990204056694916	0.7101988064658475
0.7108711411481512	1.0824822733503314
0.722922786257268	0.4314025353460351
0.7351787470875167	0.4964628222449172
0.7476424874742114	0.6015809258644362
0.7603175299762654	1.890970845653076
0.7732074568717561	3.386093133747541
0.786315911170365	1.895150035157576
0.7996465976429815	4.169730498704955
0.8132032838687591	4.8397234175362955
0.8269898012999282	4.935160798961251
0.8410100463446608	4.240811957394194
0.855267981468286	1.2428631942023074
0.8697676363131823	3.1596183869934413
0.8845131088376559	1.9857374020896343
0.8995085664741215	1.4163574955965015
0.9147582473069199	2.0623939857036615
0.9302664612701064	1.3178215574336645
0.9460375913655462	1.6640120239628422
0.9620760949016535	1.772483787223515
0.9783865047531382	1.5885453515741312
0.9949734306421101	1.520446013085833
1.0118415604408977	2.459287359781565
1.0289956614969529	2.078891455945764
1.0464405819802236	1.166716903281045
1.064181252253368	1.1811050722006726
1.0822226862651902	1.7135046788961072
1.1005699829677078	0.40855829694605755
1.1192283277572432	0.3653411304320728
1.1382029939399423	2.282803747327799
1.157499344222137	2.9372111891559127
1.1771228322259815	2.265223868178729
1.1970790040307793	3.4995209803501
1.2173734997404417	1.3220078596375293
1.2380120550775158	0.9647569123058208
1.259000503004244	1.2546971278976418
1.280344775371104	1.2605039885741565
1.3020509045932895	0.3035076525722175
1.324125025355623	0.26049496960998486
1.346573376346368	0.24909953597388276
1.3694023020204367	0.8506808538062466
1.3926182543924834	1.714134977197283
1.4162277948604052	1.516160653135312
1.4402375960597587	0.5132813359148198
1.4646544437496023	0.7746329985303416
1.489485238730322	1.1406616238398823
1.51473699879397	1.213135628268615
1.5404168607076627	1.3880829042594185
1.566532082230602	1.9469006588581683
1.5930900441653	2.3041615652862006
1.6200982524435794	2.2131964370870087
1.6475643402479245	2.0016323812375014
1.6754960701688117	2.595433596963174
1.703901336398609	0.8191613755935157
1.7327881669626681	0.7166011278158859
1.7621647259882356	1.2315307368012707
1.7920393160118402	1.639843659387156
1.8224203803257968	1.565196713990015
1.853316505364485	1.4893797301566059
1.8847364231310813	1.412364324152033
1.916689013665442	1.3342207936097001
1.949183307553826	1.254951530202746
1.9822284884811492	1.1746231972218382
2.015833895826523	1.1338000731319684
2.0500090273027984	1.115190286691396
2.0847635416408483	1.1041248969324213
2.1201072613193555	1.0929784301347574
2.1560501753408943	1.0817474320434457
2.19260244205507	1.0704606778289374
2.2297743920295074	1.0591556816831467
2.2675765309695297	1.0477880940660238
2.306019542687331	1.0363079329355054
2.3451142921214814	1.024725271246504
2.3848718284076194	1.0130716550044223
2.425303388001213	1.0013686222133695
2.466420397853267	0.98955171530601
2.5082344786398427	0.9776173774958208
2.5507574480463564	0.9655620198450006
2.594001324107549	0.953086737804114
2.6379783286040754	0.9402378663680675
2.6827008905166734	0.9272334195580324
2.7281816495389037	0.9140692204356354
2.7744334596494413	0.9007693909314151
2.821469392744924	0.8876140558088864
2.8693027423343835	0.8743027920098078
2.9179470272963197	0.8608316833312053
2.967415995699482	0.84871594195309
3.0177236286883886	0.8410898671088621
3.0688841444347537	0.8468596190110274
3.1209120021558947	0.8531016339576862
3.173821906201257	0.8595762342218615
3.227628810208219	0.8661666694929269
3.2823479213283613	0.8729018032877209
3.3379947045253915	0.879770830550816
3.3945848869459034	0.8867708860862596
3.452134462364263	0.8939040941241189
3.5106596957028504	0.9011512579376332
3.5701771276289174	0.9085131885688726
3.6307035792293805	0.9160187069878081
3.6922561567648793	0.9236653542900553
3.7548522565044355	0.9314505223104951
3.8185095696420452	0.9393811022365413
3.883246087296655	0.9474598924968806
3.9490801055968987	0.9557069282809441
4.0160302308520315	0.9655140465243882
4.084115384810512	0.9766596597173391
4.15335481000777	0.9887090759337157
4.223768075204623	1.0009963776539288
4.295375080917878	1.0135355706658247
4.368196065044701	1.0263191306003945
4.442251608582351	1.039963107473122
4.517562641444888	1.0544204034247646
4.594150448378453	1.06915311493587
4.672036674976876	1.0841749045089293
4.751243333799254	1.0994438758757341
4.83179281059124	1.114946380189525
4.913707870611789	1.130261059385321
4.997011665067193	1.144415320993336
5.081727737654187	1.1459055389845907
5.167880031213956	1.1455891940595722
5.255492894498976	1.1473726403484747
5.34459108905458	1.1519226202381028
5.4351997962171765	1.156549399827088
5.527344624231095	1.1612469985599019
5.621051615486111	1.1660111970985774
5.716347253877695	1.1708556508879575
5.813258472291963	1.1757816758292647
5.911812660217597	1.1807906073525085
6.012037671486796	1.1830374431908555
6.1139618321474405	1.18081330150407
6.217613948468717	1.1790770416335037
6.323023315082487	1.1793796097181688
6.430219723262686	1.1797013993419052
6.53923346934505	1.1800425889019217
6.650095363289597	1.1804081937903201
6.762836737388284	1.1807984351116163
6.877489455120308	1.1808088926007378
6.994085920157464	1.1796370613979243
7.112659085522235	1.1669818697402474
7.233242462901145	1.1524469081182285
7.355870132115967	1.1366206518970796
7.480576750755502	1.1200378608923898
7.607397563970681	1.1031770493538224
7.736368414435725	1.0860352945635678
7.867525752478134	1.068682235665873
8.000906646380447	1.0563765766735338
8.13654879285668	1.0509733537912564
8.274490527706323	1.0508736260880676
8.414770836648957	1.0508181748469927
8.557429366342594	1.0507978434170395
8.702506435588823	1.0420112424396335
8.850043046727835	1.0262988262873172
9.000080897226729	1.016523637878206
9.152662391464244	1.0555579250425347
9.307830652715264	1.1013327295409518
9.4656295353385	1.1499248490545446
9.626103637170822	1.1993447310354097
9.789298312131727	1.2496089631617857
9.955259683041426	1.2958946900096255
10.124034654656292	1.3201172579627183
10.295670926925336	1.3297539516475114
10.470217008471352	1.3321840693938143
10.64772223030063	1.3346553857733876
10.828236759745124	1.337168599238186
11.011811614640994	1.35381474655338
11.19849867774748	1.3867804916135602
11.388350711410215	1.4317278144729613
11.58142137247319	1.4775203576888487
11.777765227443524	1.5241585591532667
11.977437767913225	1.560688327262466
12.180495426242514	1.5940355735718565
12.386995591509024	1.6276161239392857
12.596996625727332	1.6611828444717145
12.810557880343474	1.6953337787474227
13.027739713009142	1.7200881364839051
13.248603504640279	1.7354549554186811
13.473211676764754	1.7446809733882562
13.701627709164256	1.7543875150905568
13.933916157815268	1.764574343459819
14.17014267313414	1.7743670645879683
14.410374018531483	1.8045431912514467
14.65467808928117	1.8558129583372707
14.903123931709256	1.907957154925541
15.155781762708072	1.9609926357103986
15.41272298958129	2.014933111053673
15.674020230225409	2.069816741224104
15.939747333653324	2.1266160188995706
16.209979400865834	2.187277095497272
16.484792806077063	2.2518174652250447
16.764265218299727	2.317909940633022
17.048475623296255	2.356308074095427
17.337504345902076	2.364595097161454
17.63143307272744	2.3683369128872216
17.93034487524408	2.3621416308435146
18.234324233263173	2.3579197820974755
18.543457058811434	2.3561446741834415
18.857830720412014	2.357230904596563
19.177534067776964	2.3615317252530343
19.502657456918286	2.371181596829376
19.833292775684804	2.3855576713006457
