Bin Center	Bin Value
1.0084766734865977e-06	526.016078891424
1.025573728446591e-06	521.9286658761016
1.0429606357115412e-06	517.7719575297077
1.0606423092481435e-06	513.544779064451
1.0786237463312785e-06	509.24593577595465
1.096910028956362e-06	504.8742127056055
1.1155063252756382e-06	500.4283742971741
1.1344178910588306e-06	495.90716404761724
1.1536500711785527e-06	491.3093041519614
1.1732083011208957e-06	486.63349514216026
1.1930981085216315e-06	482.4645711957066
1.213325114728462e-06	478.8160734785308
1.2338950363897473e-06	475.1057215136254
1.2548136870701676e-06	471.3324666644662
1.276086978893783e-06	467.4952425166304
1.297720924214946e-06	463.59296457640295
1.3197216373175394e-06	459.62452996426896
1.3420953361430188e-06	455.588817103215
1.3648483440477588e-06	451.4846854017429
1.3879870915901932e-06	447.31097493151253
1.4115181183482398e-06	443.54289966620314
1.4354480747675497e-06	440.19135774131416
1.4597837240410894e-06	436.78299596327776
1.484531944020583e-06	433.31685104540804
1.509699729160358e-06	429.79194337008636
1.5352941924941531e-06	426.20727671189604
1.56132256764544e-06	422.56183795606665
1.5877922108718152e-06	418.8545968121401
1.6147106031440625e-06	415.08450552278725
1.6420853522604615e-06	411.25049856768493
1.669924194996937e-06	407.78911564726064
1.698234999293656e-06	404.7103679852866
1.727025766478706e-06	401.57942524595575
1.7563046335294701e-06	398.39540254801216
1.7860798753723282e-06	395.1574000084999
1.816359907221357e-06	391.8645024884351
1.8471532869566818e-06	388.5157793341652
1.8784687175431391e-06	385.11028411434404
1.9103150494899438e-06	381.64705435244576
1.942701283352064e-06	378.12511125474583
1.9756365722740036e-06	374.9409971304097
2.009130224576702e-06	372.1037949460542
2.043191706388287e-06	369.2184926886342
2.077830644319443e-06	366.28427490092133
2.1130568281841312e-06	363.3003123009588
2.148880213766419e-06	360.265761547684
2.1853109256342356e-06	357.1797650025808
2.2223592600008277e-06	354.04145048729083
2.260035687634718e-06	350.849931037112
2.2983508568189965e-06	347.60430465032266
2.33731559636079e-06	344.67573233449536
2.3769409186517584e-06	342.07272994796847
2.4172380227804506e-06	339.42559795881084
2.458218297697449e-06	336.7335882225571
2.499893325434172e-06	333.9959399111891
2.5422748843762352e-06	331.21187929810816
2.5853749525923086e-06	328.3806195394594
2.6292057112194152e-06	325.5013604517506
2.6737795479056283e-06	322.57328828570246
2.7191090603111086e-06	319.59557549626084
2.765207059668523e-06	316.90596964717076
2.812086574403813e-06	314.5122131625549
2.8597608538183485e-06	312.0778744936863
2.908243371833496e-06	309.6022656367141
2.9575478307986853e-06	307.0846869238194
3.007688165364037e-06	304.5244268254729
3.0586785464186307e-06	301.92076174933766
3.1105333850955385e-06	299.27295583576455
3.1632673368447717e-06	296.5802607498207
3.216895305575281e-06	293.84191546979224
3.271432447867146e-06	291.36752666821843
3.326894177255208e-06	289.16418922824096
3.3832961685853226e-06	286.92349784414483
3.4406543624444367e-06	284.6448192415542
3.4989849696657957e-06	282.32750940997346
3.5583044759105364e-06	279.97091342077334
3.6186296463269256e-06	277.5743652420929
3.679977530288602e-06	275.1371875506013
3.7423654662131476e-06	272.6586915400705
3.8058110864623638e-06	270.13817672670115
3.870332322325599e-06	267.8618863408739
3.935947409087562e-06	265.83638300992186
4.0026748911820734e-06	263.77654061820465
4.070533627433186e-06	261.6817770037107
4.1395427963851244e-06	259.5515001348334
4.209721901722633e-06	257.38510794304887
4.2810907777831974e-06	255.18198815275724
4.3536695951627085e-06	252.94151810823726
4.427478866416158e-06	250.6630645976695
4.5025394518550016e-06	248.3459836741745
4.5788725654428015e-06	246.2549295754477
4.656499780790804e-06	244.39597369953378
4.735443037255164e-06	242.5055022996476
4.815724646137554e-06	240.58298108217605
4.897367296990898e-06	238.62786669544153
4.980394064031971e-06	236.63960657613646
5.0648284126627486e-06	234.61763879315563
5.150694206102325e-06	232.56139188878151
5.23801571213121e-06	230.470284717175
5.3268176099500205e-06	228.34372628013008
5.417124997154431e-06	226.42145481274545
5.508963396828368e-06	224.70896237806426
5.602358764757438e-06	222.96743746494897
5.697337496764694e-06	221.19638787571918
5.793926436170743e-06	219.3953130682962
5.892152881380323e-06	217.56370401473853
5.9920445935974825e-06	215.70104305737664
6.093629804671601e-06	213.80680376251092
6.1969372250764114e-06	211.88045077162934
6.301996052024249e-06	209.92143965010047
6.408835977717925e-06	208.15249489503157
6.517487197742476e-06	206.57872346910722
6.627980419599171e-06	204.97827135014262
6.740346871384189e-06	203.35068621109124
6.854618310614458e-06	201.69550805644894
6.970827033203125e-06	200.0122690922487
7.089005882587156e-06	198.30049359384955
7.209188259009688e-06	196.55969777148587
7.331408128959766e-06	194.78938963353593
7.4557000347721344e-06	192.98906884747407
7.582099104389701e-06	191.36428103748065
7.710641061291574e-06	189.9197413903911
7.841362234589427e-06	188.45071196144804
7.974299569294943e-06	186.95677756688235
8.109490636761403e-06	185.4375159841703
8.2469736453023e-06	183.89249783270336
8.386787450989916e-06	182.32128645243486
8.528971568637e-06	180.7234377804685
8.673566182964624e-06	179.09850022555557
8.820612159959398e-06	177.44601454046426
8.970151058423186e-06	175.9527075370389
9.122225141718621e-06	174.62285793890612
9.276877389713784e-06	173.27046293911383
9.434151510929404e-06	171.89514031764543
9.594091954891897e-06	170.49650137457516
9.756743924695923e-06	169.07415082021268
9.922153389779922e-06	167.62768666338474
1.009036709891814e-05	166.1567000978218
1.0261432593433015e-05	164.66077538661992
1.0435398220631543e-05	163.13948974474332
1.0612313147469377e-05	161.76516227597972
1.079222737444664e-05	160.5417425962296
1.0975191749739265e-05	159.29758185815487
1.1161257983569949e-05	158.03232843139693
1.1350478662822769e-05	156.7456247242863
1.1542907265905469e-05	155.43710708277737
1.1738598177863784e-05	154.1064056876712
1.1937606705752042e-05	152.75314445009624
1.2139989094264214e-05	151.37694090521532
1.2345802541630085e-05	149.97740610413211
1.25551052157809e-05	148.71345011572643
1.276795627078901e-05	147.58871616093558
1.2984415863586297e-05	146.44491420115662
1.3204545170965955e-05	145.2817209698849
1.3428406406872572e-05	144.09880772016643
1.365606283998538e-05	142.8958401316864
1.3887578811599428e-05	141.67247821628143
1.4123019753810072e-05	140.4283762218506
1.4362452208005724e-05	139.16318253463834
1.4605943843673997e-05	137.87653957985844
1.4853563477526813e-05	136.71524865504193
1.5105381092949725e-05	135.68267712299226
1.5361467859780866e-05	134.63260004748514
1.5621896154425324e-05	133.5647206509683
1.5886739580310524e-05	132.4787371245168
1.6156072988688328e-05	131.37434254253407
1.6429972499789846e-05	130.2512247760078
1.6708515524338865e-05	129.10906640429386
1.6991780785430004e-05	127.94754462540575
1.7279848340777897e-05	126.76633116478337
1.7572799605343317e-05	125.69908854667982
1.787071737434314e-05	124.74888002797023
1.817368584665031e-05	123.78256229454618
1.8481790648590444e-05	122.79986224130104
1.8795118858141955e-05	121.80050213308252
1.911375902954649e-05	120.78419952619835
1.943780121833644e-05	119.75066718858989
1.976733700678692e-05	118.69961301865396
2.010245952979909e-05	117.63073996268746
2.0443263501222395e-05	116.54374593093273
2.0789845240623102e-05	115.56157888647694
2.1142302700506447e-05	114.68705640045684
2.150073549400046e-05	113.79770783129521
2.1865244923009176e-05	112.89328182726062
2.2235934006842876e-05	111.97352277536805
2.2612907511333957e-05	111.03817072913688
2.2996271978446405e-05	110.08696133512399
2.3386135756387007e-05	109.11962575821022
2.378260903022729e-05	108.13589060562153
2.4185803853044587e-05	107.13547784966129
2.4595834177590902e-05	106.23294936910406
2.5012815888498808e-05	105.43093403900671
2.5436866835033212e-05	104.6153218647404
2.58681068643985e-05	103.78588233428809
2.6306657855610375e-05	102.94238102768284
2.6752643753941705e-05	102.08457955075437
2.720619060595257e-05	101.21223546775329
2.7667426595114205e-05	100.32510223283319
2.8136482078036625e-05	99.42292912037004
2.8613489621310677e-05	98.50546115410131
2.9098584038974685e-05	97.67619957852934
2.9591902430616117e-05	96.93751563487406
3.009358422011933e-05	96.18630852601845
3.060377119507013e-05	95.42236594239772
3.112260754682844e-05	94.64547197508914
3.165023991128045e-05	93.85540705479147
3.21868174102813e-05	93.05194788976867
3.273249169380069e-05	92.23486740274234
3.328741698278297e-05	91.40393466671453
3.385175011273356e-05	90.55891483970144
3.4425650578044646e-05	89.79567485563705
3.500928057707227e-05	89.11641238988791
3.5602805057977356e-05	88.42563415187104
3.620639176534429e-05	87.72314491070355
3.682021128758963e-05	87.0087461256856
3.74444371051745e-05	86.28223589018795
3.807924563963456e-05	85.54340887458842
3.872481630344087e-05	84.79205626824024
3.938133155070636e-05	84.02796572045733
4.0048976928751986e-05	83.25092128049903
4.0727941130546655e-05	82.54931599840927
4.1418416048036695e-05	81.9251768041064
4.2120596826379276e-05	81.29045636148302
4.283468191909501e-05	80.64497528296486
4.356087314415589e-05	79.98855113975787
4.4299375741024114e-05	79.3209984102896
4.505039842865766e-05	78.64212842777575
4.581415346449944e-05	77.95174932689864
4.659085670446638e-05	77.24966598958133
4.738072766395563e-05	76.53567998984228
4.818398957988521e-05	75.89093127456563
4.9000869473785896e-05	75.31728025693197
4.983159821596325e-05	74.73390393455476
5.06764105907474e-05	74.14063743096843
5.153554536284851e-05	73.53731307449922
5.240924534483774e-05	72.92376035087732
5.329775746577216e-05	72.2998058550456
5.420133284098267e-05	71.66527324215055
5.5120226843045515e-05	71.01998317770328
5.605469917395691e-05	70.363753286895
5.70050139385311e-05	69.7707220337949
5.797143971904293e-05	69.24258821867957
5.895424965113561e-05	68.7055007677483
5.9953721501015705e-05	68.15930788690639
6.097013774395682e-05	67.60385520864135
6.20037856441337e-05	67.03898574839448
6.305495733581034e-05	66.46453986019343
6.412394990590445e-05	65.88035519153243
6.521106547795113e-05	65.2862666374872
6.631661129749061e-05	64.68210629405237
6.74408998189035e-05	64.13657860140687
6.858424879371796e-05	63.65125895799291
6.974698136041389e-05	63.15771152227126
7.092942613574999e-05	62.655796805624085
7.213191730763902e-05	62.14537295463458
7.335479472959735e-05	61.62629571099592
7.459840401679581e-05	61.098418370739964
7.586309664373918e-05	60.56159174277528
7.714923004360164e-05	60.01566410672235
7.845716770924578e-05	59.46048117003314
7.978727929595481e-05	58.959546940532356
8.113994072590647e-05	58.514318480208054
8.251553429441738e-05	58.06154190731354
8.391444877798925e-05	57.601089256077415
8.533707954418694e-05	57.13283039128009
8.678382866337875e-05	56.65663297147464
8.825510502237144e-05	56.17236241158349
8.975132443997161e-05	55.67988184486161
9.127290978450629e-05	55.17905208421446
9.28202910933363e-05	54.66973158286064
9.439390569439473e-05	54.20914287009294
9.599419832978691e-05	53.79859634599456
9.762162128148563e-05	53.38108968422455
9.927663449915664e-05	52.956504887153926
0.00010095970573015196	52.52472195669899
0.000102671310651707	52.08561886040698
0.00010441193300537818	51.6390714969665
0.00010618206473376047	51.18495366113365
0.00010798220611952227	50.723137008063226
0.0001098128659267977	50.25349101703529
0.00011167456154497583	49.82929653305881
0.00011356781913492733	49.451774977888846
0.00011549317377771094	49.06785316880426
0.00011745116962580011	48.67742260007966
0.000119442360056874	48.28037292645455
0.00012146730783021559	47.876591931946855
0.00012352658524576125	47.4659654981381
0.00012562077430584671	47.04837757192063
0.00012775046687969532	46.62371013269816
0.00012991626487069465	46.19184315903036
0.00013211878038650918	45.801846379414215
0.00013435863591207715	45.45484486400245
0.0001366364644855399	45.10196051149965
0.00013895290987715406	44.743093588127465
0.00014130862677123667	44.37814266928617
0.0001437042809511953	44.007004610889545
0.00014614054948769456	43.62957452021401
0.000148618120930013	43.24574572625308
0.000151137695500644	42.855409749569844
0.00015369998529319567	42.45845627163777
0.00015630571447364634	42.10033190404845
0.0001589556194850114	41.782079494207586
0.00016165044925548012	41.45843164083764
0.0001643909654100813	41.12929687311239
0.00016717794248593707	40.79458216946894
0.00017001216815116626	40.45419293131761
0.00017289444342749832	40.10803295630593
0.00017582558291666232	39.75600441112967
0.00017880641503061295	39.39800780388256
0.00018183778222566024	39.03394195593757
0.0001849205412405683	38.70452265116568
0.00018805556333869087	38.41068181686588
0.00019124373455421158	38.111859396947324
0.00019448595594255894	37.80797093686049
0.00019778314383506694	37.498930550268696
0.0002011362300979524	37.18465089477425
0.00020454616239568355	36.86504314723361
0.0002080139044588133	36.54001697865357
0.00021154043635635282	36.209480528662226
0.00021512675477276336	35.8733403795469
0.00021877387328964368	35.569801322124135
0.00022248282267219304	35.29973934437346
0.00022625465116053078	35.02509891220969
0.00023009042476595482	34.745802405506595
0.0002339912275722221	34.461770888216954
0.00023795816204193806	34.17292408606339
0.00024199234932813907	33.8791803638508
0.0002460949295911579	33.580456702394336
0.000250267062320861	33.27666867505612
0.0002545099266643491	32.96773042388413
0.00025882472175921256	32.6890108446883
0.0002632126670724374	32.44132153266466
0.0002676750027450568	32.18943305779274
0.000272212989942645	31.93327423020776
0.0002768279112117538	31.672772653138484
0.00028152107084239176	31.4078547024461
0.0002862937952366485	31.13844550581619
0.0002911474332835686	30.864468921598053
0.00029608335674038034	30.585847517285124
0.0003011029606201888	30.30250254763073
0.0003062076635862394	30.046326826016294
0.0003113989083528686	29.818050846850813
0.0003166781620932493	29.58590482580488
0.0003220469168540502	29.349823152715707
0.0003275066899771249	29.10973910510866
0.0003330590245283501	28.865584829339788
0.00033870548973373356	28.617291321418826
0.0003444476814229158	28.36478840750687
0.0003502872224801914	28.10800472408364
0.0003562257633031753	27.846867697778272
0.0003622649822692456	27.61111755264703
0.0003684065862098948	27.40143634293328
0.00037465231089312185	27.188200334917497
0.0003810039215140027	26.971349262870653
0.0003874632131935779	26.75082183935788
0.0003940320114861983	26.526555737917203
0.0004007121728954702	26.298487575444458
0.0004075055853989504	26.066552894279784
0.0004144141689817342	25.830686143990206
0.00042143987617909023	25.590820662843516
0.00042858469262829513	25.374246701121784
0.0004358506376298232	25.181590058581005
0.00044323976471805033	24.985667241132557
0.00045075416224163326	24.786422876179927
0.0004583959539537282	24.583800652375814
0.00046616729961221495	24.377743303707057
0.0004740703955900987	24.16819259330995
0.00048210747549625794	23.955089297010993
0.0004902808108067176	23.738373186588753
0.0004985927115066238	23.517983012751845
0.0005070455267431023	23.318592201379918
0.0005156416454891852	23.14076555729102
0.0005243834972189932	22.95992415640379
0.0005332735525943647	22.776016888500212
0.0005423143241631259	22.58899177687297
0.0005515083670691978	22.39879596363561
0.0005608582797747427	22.20537569478358
0.0005703667047945538	22.00867630500205
0.0005800363294428943	21.808642202216152
0.0005898698865929987	21.605216851879245
0.0005998701554494499	21.42146306975869
0.0006100399623336496	21.257909514408208
0.0006203821814826074	21.091583178885184
0.0006308997358612702	20.922437055285243
0.0006415955979886241	20.750423338762747
0.0006524727907778005	20.575493414019896
0.0006635343883904261	20.39759784156688
0.0006747835171054565	20.216686343749082
0.0006862233562027389	20.03270779053733
0.0006978571388615554	19.845610185077362
0.0007096881530743971	19.676764870230187
0.000721719742576234	19.52666212628964
0.0007339553077895347	19.374014638449427
0.0007463983067853096	19.218779264783276
0.000759052256260447	19.060912131964855
0.0007719207325316177	18.90036862286809
0.0007850073725460303	18.737103363957324
0.0007983158749093201	18.571070212463564
0.0008118500009308684	18.40222224334349
0.0008256135756868389	18.23051173601719
0.0008396104891012391	18.075490607507568
0.0008538446970453072	17.937607246952872
0.0008683202224555398	17.797386301944854
0.0008830411564706713	17.654788142603223
0.0008980116595879309	17.509772467188522
0.0009132359628389011	17.362298290711973
0.0009287183689853098	17.21232393335202
0.0009444632537350985	17.059807008674674
0.0009604750669791034	16.904704411653977
0.000976758334048704	16.746972306489543
0.0009933176569947924	16.6040138270534
0.0010101577158884273	16.47622671272739
0.0010272832701435355	16.346273179113506
0.0010446991598620384	16.21411649815387
0.0010624103072017859	16.079719319127108
0.0010804217177676776	15.943043658092074
0.0010987384820263695	15.804050887152734
0.0011173657767449654	15.662701723540883
0.0011363088664540976	15.51895621851395
0.001155573104935813	15.372773746064466
0.0011751639367366833	15.240761058750158
0.001195086898706568	15.12329890899561
0.0012153476215634612	15.003845382660051
0.0012359518314848752	14.882366719245358
0.0012569053517261955	14.758828585899952
0.0012782141042664767	14.633196067715515
0.0012998841114821393	14.505433657859193
0.0013219214978490406	14.375505247538435
0.0013443324916734025	14.243374115795842
0.0013671234268520828	14.10900291913085
0.0013903007446626919	13.987755557088366
0.0014138709955840512	13.879984530558387
0.0014378408411475259	13.770386424421998
0.001462217055819732	13.658930263564661
0.001487006528917169	13.545584547740015
0.0015122162665533096	13.430317242667073
0.0015378533936186989	13.313095770976556
0.0015639251557946247	13.19388700300377
0.0015904389216009206	13.072657247425287
0.0016174021844784967	12.949372241737013
0.001644822564907166	12.838182228398681
0.0016727078125593794	12.739411995003696
0.0017010658084904745	12.638967275571328
0.0017299045673660539	12.536819681958807
0.0017592322397271272	12.432940344749296
0.0017890571142936541	12.32729990509272
0.00181938762030714	12.219868506408254
0.0018502323299129445	12.110615785946068
0.0018815999605829837	11.999510866206126
0.0019134993775794988	11.886522346211398
0.0019459395964605988	11.783820530139552
0.0019789297856282768	11.691682811719417
0.0020124792689196255	11.59798305058958
0.002046597528241984	11.502694764898008
0.0020812942062527554	11.405791023836622
0.0021165791090846623	11.30724444003003
0.0021524622091171927	11.207027161795127
0.0021889536477950485	11.105110865269612
0.002226063738494361	11.001466746406866
0.002263802969437506	10.89606551283531
0.0023021820066573316	10.800844347616932
0.002341211697011642	10.716076850769257
0.002380903071248787	10.629872261135484
0.0024212673471252157	10.542206215182956
0.0024623159325758994	10.453053936335637
0.002504060428938488	10.362390227971561
0.002546512634232132	10.270189466301717
0.002589684546491897	10.176425593128085
0.0026335883671596977	10.081072108478992
0.0026782365045327286	9.984102063119545
0.002723641577270352	9.896659968280561
0.0027698164179604406	9.819001657302143
0.002816774076746179	9.740026778032355
0.002864527825014361	9.659713010232142
0.002913091159146204	9.578037655259683
0.00296247780433176	9.494977629655216
0.0030127017184489882	9.410509458617081
0.003063777096008598	9.324609269367139
0.0031157183721657643	9.237252784403784
0.003168540226799852	9.148415314640483
0.0032222575886633196	9.068368924313543
0.0032768856396009427	8.997349570559665
0.003332439818840581	8.925126201059795
0.0033889358273566797	8.851678403717212
0.0034463896323077533	8.776985420381864
0.003504817471549092	8.701026140983576
0.0035642358582219833	8.623779097565805
0.0036246615854207296	8.545222458218326
0.0036861117309387823	8.465334020906937
0.0037486036620953556	8.384091207198667
0.003812155040643852	8.310211700220178
0.0038767838277635053	8.2438941128648
0.0039425082891356555	8.176452220440563
0.004009347000106073	8.10786696221353
0.004077318850934814	8.038118954306528
0.004146443052135065	7.967188484220787
0.004216739139902512	7.895055505264713
0.004288226981636735	7.821699630888184
0.0043609267815562435	7.74710012892083
0.0044348590864086695	7.671235915712592
0.004510044791277788	7.60263131195501
0.004586505145488975	7.541481527510215
0.004664261758614799	7.479295049552389
0.004743336606582408	7.416054302656707
0.004823752037884462	7.351741413436053
0.004905530779895379	7.2863382054895975
0.004988695945294638	7.219826194265662
0.0050732710385989945	7.152186581837566
0.00515927996280543	7.083400251590838
0.005246747026146728	7.013447762820426
0.005335696948961579	6.950242766028958
0.005426154870681148	6.893966620173497
0.005518146356934106	6.836736405291037
0.005611697406772088	6.7785359467183195
0.005706834460017679	6.7193487955774245
0.005803584404736951	6.659158224126879
0.005901974584838687	6.597947221034017
0.006002032807802441	6.535698486567148
0.006103787352537622	6.4723944277062175
0.006207266977375798	6.408017153170609
0.0063125009281985115	6.34970112458037
0.006419518946702887	6.2976094762550385
0.006528351278807347	6.244634700141238
0.006639028683199877	6.190761824267156
0.006751582440031165	6.135975622835935
0.006866044359755151	6.080260611922506
0.006982446792119436	6.0236010450974495
0.007100822635308117	5.965980908976655
0.007221205345239623	5.907383918695565
0.007343628945022168	5.84779351330665
0.007468128034569535	5.793807280938383
0.007594737800379845	5.745576063798755
0.007723494025480133	5.696527166100023
0.007854433099539503	5.6466467254199495
0.007987592029153752	5.5959206443218505
0.008123008448304332	5.544334586370307
0.008260720628994637	5.49187397207933
0.008400767492066627	5.438523974791854
0.008543188618200779	5.384269516489341
0.008688024259102596	5.329095263530385
0.008835315348878707	5.280409406680867
0.008985103515605851	5.238384610490279
0.009137431093096001	5.195647353348398
0.009292341132860928	5.152185556657504
0.00944987741627962	5.107986937047234
0.00961008446697198	5.063039002902972
0.009773007563382282	5.0173290508354365
0.009938692751575978	4.97084416209037
0.010107186858253434	4.9235711988974
0.010278537503984326	4.875496800756963
0.010452793116666375	4.8327882047642525
0.01063000294521226	4.795588551854187
0.010810217073468546	4.7577582403210545
0.010993486434370621	4.719286578390391
0.011179862824337635	4.6801626930263875
0.011369398917911373	4.640375526858867
0.0115621482826434	4.5999138350582305
0.01175816539423459	4.558766182157369
0.01195750565193128	4.5169209388197515
0.01216022539418243	4.474366278552654
0.012366381914562269	4.4318643490354885
0.012576033477962906	4.389422579075697
0.012789239337061348	4.346261279063621
0.013006059749065789	4.3023682505566265
0.013226555992745814	4.257731088307643
0.013450790385751248	4.212337176759158
0.013678826302224625	4.166173686477722
0.013910728190712313	4.119227570528045
0.01414656159237927	4.071485560785636
0.014386393159532572	4.022934164186864
0.014630290674458951	3.9809692077608716
0.01487832306858176	3.9457648980634725
0.01513056044194274	3.9099637574888244
0.01538707408301392	3.8735556677559795
0.01564793648884552	3.836530339045257
0.015913221385555443	3.79887730709011
0.016183003749166057	3.760585930219634
0.01645735982679421	3.721645386350992
0.016736367158200583	3.6820446699308147
0.01702010459770437	3.6417725888247845
0.01730865233646935	3.6052188171506736
0.01760209192516793	3.5724835422213634
0.017900506297029384	3.53919329481791
0.018203979791278812	3.5053386662994064
0.01851259817697342	3.47091008851698
0.018826448677242997	3.43589783110961
0.019145619993941376	3.4002919987541023
0.019470202332715632	3.3640825283684026
0.01980028742850048	3.3272591862675376
0.020135968571444854	3.2898115652713207
0.02047734063327794	3.259794348890636
0.020824500094122237	3.2374015866593866
0.021177545069761234	3.2146291921603396
0.021536575339369382	3.1914707293559434
0.021901692373712103	3.1679196530962583
0.022272999363823855	3.1439693072691495
0.022650601250172524	3.1196129229191043
0.023034604752318222	3.094843616334162
0.023425118399074712	3.0696543871003996
0.023822252559182414	3.0440381161234478
0.024226119472501327	3.0188123413480663
0.02463683328173276	2.9939906449799056
0.02505451006467877	2.9687481377807523
0.02547926786704869	2.943077685598575
0.025911226735821788	2.916972033333597
0.026350508753175343	2.8904238028878106
0.026797238070988147	2.8634254910797514
0.027251540945928937	2.8359694675239164
0.027713545775139542	2.8080479724742387
0.028183383132523047	2.7796531146309738
0.02866118580564722	2.750776869175097
0.02914708883327361	2.721411074977624
0.029641229543522683	2.691547432281978
0.030143747592686156	2.6611775008898286
0.030654785004697392	2.630292697513233
0.031174486211270773	2.5988842933487986
0.03170299809272158	2.56694341161069
0.032240470019478044	2.534461025021842
0.03278705389429716	2.501427953262639
0.03334290419519608	2.4678348603763123
0.03390817801911129	2.435012969535323
0.03448303512629816	2.402986672255054
0.03506763798548322	2.37041742204473
0.03566215181978157	2.3372960140349335
0.03626674465339311	2.3036130873029026
0.03688158735909036	2.269359122226914
0.03750685370651129	2.2345244377957854
0.03814272041127069	2.1990991888727938
0.038789367184904555	2.1630733634131936
0.03944697678566097	2.126436779634586
0.04011573507015191	2.097643639525717
0.040795831045880984	2.0768983654329403
0.04148745692466166	2.055801389510412
0.042190808176941	2.0343467492349867
0.04290608358704426	2.012528380998787
0.04363348530935635	1.9903401183954876
0.044373218925455746	1.9677756904775445
0.04512549350221661	1.9448287199838568
0.04589052165089637	1.921492721537406
0.046668519587224955	1.897761099812324
0.04745970719251261	1.875119776557933
0.048264308075793586	1.8535998353340521
0.049082549637023715	1.8317150590797573
0.04991466313134927	1.8094592626201953
0.05076088373446526	1.7868261559210898
0.05162145060908174	1.7638093423110328
0.05249660697251718	1.7404023166736242
0.053386600165437795	1.7165984636089773
0.05429168172176177	1.6923910555640262
0.055212107439749095	1.6677732509311645
0.05614813745429652	1.6459529582965116
0.057100036310457944	1.6270047416908413
0.05806807303821126	1.6077352893945316
0.059052521228492916	1.5881391553874569
0.060053659110521615	1.568210801321229
0.06107176963043235	1.5479445949539121
0.06210714053124414	1.5273348085582195
0.06316006443418334	1.5063756173027147
0.06423083892138551	1.4850610976055805
0.06531976661999925	1.4633852254604536
0.06642715528771626	1.4439842340863795
0.0675533178997513	1.4269189946079515
0.06869857273729645	1.4095644422034654
0.06986324347747515	1.3919156720505013
0.07104765928482162	1.3739676961734815
0.07225215490431065	1.355715442033954
0.07347707075596457	1.3371537510969564
0.07472275303106449	1.318277377373093
0.0759895537899926	1.299080985935895
0.07727783106173274	1.2795591514140285
0.07858794894505827	1.2623313525640998
0.07992027771143562	1.247458638686525
0.08127519390967182	1.2323337825301521
0.08265308047233633	1.2169525094394409
0.0840543268239873	1.201310472289131
0.08547932899123273	1.1854032502556466
0.08692848971465711	1.1692263475676488
0.08840221856264566	1.1527751922354297
0.08990093204713845	1.1360451347587515
0.09142505374134735	1.1190314468127915
0.09297501439946756	1.1044039581192826
0.09455125207841958	1.0922256994913673
0.0961542122616551	1.0798409786194052
0.09778434798506135	1.067246295277334
0.09944211996499988	1.0544380898985477
0.10112799672851666	1.041412742569869
0.10284245474575948	1.0281665720084825
0.10458597856463961	1.0146958345215027
0.10635906094777714	1.0009967229479213
0.10816220301176807	0.9870653655826068
0.1099959143688119	0.9745848943088395
0.11186071327074038	0.9635941471337667
0.11375712675548838	0.9524170700083388
0.1156856907960481	0.9410505040162584
0.11764695045194742	0.929491236687021
0.11964146002329763	0.917736001087995
0.12166978320745231	0.9057814749011055
0.12373249325832185	0.893624279483871
0.12583017314838887	0.8812609789145073
0.12796341573347078	0.8686880790208555
0.1301328239202756	0.8565965808990481
0.13233901083679792	0.8450005086886312
0.13458260000560376	0.833207844242505
0.13686422552005356	0.8212152546642839
0.13918453222351285	0.8090193505538373
0.14154417589160012	0.7966166850493546
0.14394382341752546	0.7840037528531805
0.14638415300057117	0.7711769892411365
0.14886585433776733	0.7581327690550346
0.15138962881881685	0.7448674056781228
0.1539561897243255	0.7339880896896959
0.1565662624273933	0.7255573116461147
0.15922058459862143	0.7169836036971066
0.16191990641459691	0.7082645427023921
0.16466499076991092	0.699397664441353
0.16745661349277144	0.6903804629165863
0.17029556356427086	0.681210389645643
0.17318264334137182	0.6718848529407665
0.17611866878367344	0.6624012171764222
0.17910446968402055	0.6527568020443977
0.18214088990302393	0.644310923053818
0.1852287876075565	0.6370953964597892
0.18836903551329195	0.6297575425398182
0.1915625211313552	0.6222952874363034
0.19481014701915514	0.6147065221328154
0.19811283103547012	0.6069891018580399
0.20147150659985671	0.5991408454796083
0.20488712295645675	0.5911595348876585
0.20836064544227734	0.5830429143679416
0.21189305576001943	0.5747886899643051
0.21548535225552995	0.5679358682277884
0.2191385501999592	0.5625212181433704
0.22285368207670214	0.5570147716173337
0.22663179787320292	0.5514149723927517
0.23047396537770667	0.5457202378289352
0.23438127048104318	0.5399289584541372
0.23835481748352697	0.5340394975106804
0.24239572940705814	0.5280501904923639
0.2465051483125168	0.521959344674037
0.25068423562253794	0.515765238633191
0.2549341724497574	0.5097421991247395
0.2592561599306229	0.5038954566812281
0.263651419564865	0.4979495923844082
0.26812119356072395	0.49190292578710954
0.2726667451860265	0.48575374795295573
0.2772893591252171	0.4795003209733795
0.281990341842442	0.4731408774764463
0.2867710219507872	0.4666736201273539
0.29163275058777705	0.46009672112045735
0.29657690179723906	0.45340832166268846
0.301604872917643	0.44819228693096325
0.3067180849770227	0.4444869638729377
0.3119179830945925	0.44071882318746164
0.3172060368891745	0.43688679990550044
0.3225837408945492	0.4329898110032313
0.32805261498184624	0.42902675509595123
0.33361420478909765	0.42499651212680045
0.33927008215807397	0.42089794305020783
0.34502184557852467	0.4167298895099661
0.3508711206399501	0.4124911735118539
0.3568195604910331	0.40879477943161174
0.36286884630686106	0.40565508578359016
0.3690206877640648	0.40246216381976413
0.37527682352401626	0.39921511114202707
0.3816390217242176	0.3959130100536037
0.38810908047801956	0.3925549272996881
0.3946888283828117	0.3891399138036807
0.4013801250368295	0.3856670043989568
0.4081848615647239	0.3821352175560887
0.4151049611520369	0.378543555105438
0.42214237958874223	0.37571461061948425
0.4292991058220006	0.3736682668404814
0.43657716251828405	0.3715872306853669
0.4439786066350301	0.36947091400225107
0.4515055300019897	0.36731871866810084
0.45916005991243	0.3651300364196971
0.4669443597243591	0.36290424868172194
0.4748606294719433	0.36064072639193623
0.4829111064872912	0.35833882982339
0.49109806603278056	0.355997908403621
0.49942382194410007	0.3541757831244192
0.5078907272841978	0.3528859634949407
0.5165011750083155	0.3515742771057509
0.5252575986402952	0.35024035324208513
0.5341624729603521	0.34888381490432285
0.5432183147045091	0.3475042787014379
0.5524276832758899	0.3461013547426434
0.5617931814680651	0.3446746465271986
0.5713174562006686	0.3432237508323478
0.581003199267482	0.3417482575993601
0.5908531480972009	0.34068406373048415
0.6008700865270983	0.3400418250731846
0.6110568455898062	0.33938869832108826
0.6214163043134371	0.3387244988845462
0.6319513905352644	0.33804903904449707
0.6426650817292021	0.3373621278994131
0.6535604058473143	0.3366635713113467
0.664640442175587	0.33595317185106244
0.6759083222042086	0.3352307287422385
0.687367230512607	0.33449603780472215
0.6990204056694916	0.3340718182773562
0.7108711411481512	0.3339660595309139
0.722922786257268	0.3338585078197477
0.7351787470875167	0.33374913274710455
0.7476424874742114	0.33363790340090466
0.7603175299762654	0.33352478834500504
0.7732074568717561	0.3334097556103149
0.786315911170365	0.3332927726857602
0.7996465976429815	0.3331738065090956
0.8132032838687591	0.33305282345756
0.8269898012999282	0.33314703192859746
0.8410100463446608	0.3334619138938634
0.855267981468286	0.33378213416234204
0.8697676363131823	0.3341077832361402
0.8845131088376559	0.33443895315167776
0.8995085664741215	0.33477573750570067
0.9147582473069199	0.33511823148173236
0.9302664612701064	0.33546653187697606
0.9460375913655462	0.3358207371296711
0.9620760949016535	0.33618094734691484
0.9783865047531382	0.33666270664129144
0.9949734306421101	0.3372690501305384
1.0118415604408977	0.3378856731713434
1.0289956614969529	0.3385127500365108
1.0464405819802236	0.33915045795335236
1.064181252253368	0.33979897715377566
1.0822226862651902	0.3404584909252224
1.1005699829677078	0.3411291856624702
1.1192283277572432	0.34181125092031167
1.1382029939399423	0.34250487946712765
1.157499344222137	0.34322342510723197
1.1771228322259815	0.3439674213340916
1.1970790040307793	0.3447240307871318
1.2173734997404417	0.3454934673027526
1.2380120550775158	0.34627594834259656
1.259000503004244	0.34707169505500896
1.280344775371104	0.3478809323375397
1.3020509045932895	0.34870388890050474
1.324125025355623	0.3495407973316257
1.346573376346368	0.3503918941617642
1.3694023020204367	0.3511989596684791
1.3926182543924834	0.3519607539075845
1.4162277948604052	0.3527354631087479
1.4402375960597587	0.3535233062238018
1.4646544437496023	0.35432450591654563
1.489485238730322	0.35513928862567534
1.51473699879397	0.35596788462878076
1.5404168607076627	0.35681052810742736
1.566532082230602	0.3576674572133422
1.5930900441653	0.35853891413572114
1.6200982524435794	0.3593007281521112
1.6475643402479245	0.35994999023830054
1.6754960701688117	0.36061025948991354
1.703901336398609	0.361281722515245
1.7327881669626681	0.36196456908622443
1.7621647259882356	0.3626589921920512
1.7920393160118402	0.3633651880937373
1.8224203803257968	0.3640833563795756
1.853316505364485	0.36481370002154895
1.8847364231310813	0.36555642543269434
1.916689013665442	0.3661416281663278
1.949183307553826	0.36656520174242474
1.9822284884811492	0.366995956308326
2.015833895826523	0.36743401360584327
2.0500090273027984	0.36787949744071946
2.0847635416408483	0.3683325337176192
2.1201072613193555	0.36879325047571276
2.1560501753408943	0.3692617779248626
2.19260244205507	0.36973824848242437
2.2297743920295074	0.370222796810671
2.2675765309695297	0.37053544854657694
2.306019542687331	0.3706717691393381
2.3451142921214814	0.37081040082240785
2.3848718284076194	0.37095138277650214
2.425303388001213	0.3710947548465812
2.466420397853267	0.37124055755311053
2.5082344786398427	0.37138883210351326
2.5507574480463564	0.37153962040381633
2.594001324107549	0.3716929650704939
2.6379783286040754	0.3718489094425122
2.6827008905166734	0.3718455481926501
2.7281816495389037	0.37167881353485566
2.7744334596494413	0.3715092521665551
2.821469392744924	0.37133681616554454
2.8693027423343835	0.3711614567971782
2.9179470272963197	0.3709831245005949
2.967415995699482	0.37080176887471106
3.0177236286883886	0.37061733866397617
3.0688841444347537	0.37042978174388624
3.1209120021558947	0.37023904510625283
3.173821906201257	0.3699254964243375
3.227628810208219	0.36948604425581705
3.2823479213283613	0.36903914190220555
3.3379947045253915	0.36858466305793025
3.3945848869459034	0.36812247927611585
3.452134462364263	0.367652459932283
3.5106596957028504	0.36717447218743005
3.5701771276289174	0.36668838095048967
3.6307035792293805	0.36619404884014883
3.6922561567648793	0.3656913361460213
3.7548522565044355	0.3651172491751336
3.8185095696420452	0.3644700473611345
3.883246087296655	0.36381187331022097
3.9490801055968987	0.3631425410062535
4.0160302308520315	0.3624618612794964
4.084115384810512	0.36176964175315424
4.15335481000777	0.3610656867890002
4.223768075204623	0.36034979743208534
4.295375080917878	0.35962177135450835
4.368196065044701	0.3588814027982328
4.442251608582351	0.35812355801849083
4.517562641444888	0.3573478991668763
4.594150448378453	0.35655909030161753
4.672036674976876	0.35575690848597036
4.751243333799254	0.3549411270036671
4.83179281059124	0.3541115152948401
4.913707870611789	0.3532678388908602
4.997011665067193	0.35240985934807045
5.081727737654187	0.3515373341803961
5.167880031213956	0.3506500167908112
5.255492894498976	0.34978905508735436
5.34459108905458	0.3489552453354067
5.4351997962171765	0.3481072997174248
5.527344624231095	0.34724497858316683
5.621051615486111	0.34636803821951734
5.716347253877695	0.3454762307816082
5.813258472291963	0.34456930422277093
5.911812660217597	0.3436470022233025
6.012037671486796	0.3427090641180229
6.1139618321474405	0.3417552248226052
6.217613948468717	0.3408576246297687
6.323023315082487	0.34001782819571025
6.430219723262686	0.3391637944013185
6.53923346934505	0.3382952818756836
6.650095363289597	0.33741204515585094
6.762836737388284	0.3365138346174475
6.877489455120308	0.33560039640413153
6.994085920157464	0.3346714723558467
7.112659085522235	0.33372679993585946
7.233242462901145	0.33276611215656027
7.355870132115967	0.3318747428051277
7.480576750755502	0.33105458965934953
7.607397563970681	0.33022053217271974
7.736368414435725	0.3293723346201236
7.867525752478134	0.32850975728011644
8.000906646380447	0.327632556367173
8.13654879285668	0.3267404839627871
8.274490527706323	0.3258332879454045
8.414770836648957	0.3249107119191665
8.557429366342594	0.3239724951414465
8.702506435588823	0.3230996914336514
8.850043046727835	0.32229409618370153
9.000080897226729	0.3214748433979592
9.152662391464244	0.3206417015354814
9.307830652715264	0.31979443512993116
9.4656295353385	0.3189328047230289
9.626103637170822	0.3180565667968756
9.789298312131727	0.3171654737051294
9.955259683041426	0.3162592736030133
10.124034654656292	0.3153377103761389
10.295670926925336	0.3144636480001674
10.470217008471352	0.31363842460983254
10.64772223030063	0.3127992109210308
10.828236759745124	0.31194576975137817
11.011811614640994	0.31107785989745523
11.19849867774748	0.3101952360666373
11.388350711410215	0.30929764880776867
11.58142137247319	0.30838484444066167
11.777765227443524	0.30745656498440055
11.977437767913225	0.30651254808442935
12.180495426242514	0.3055888821873545
12.386995591509024	0.3046862191872029
12.596996625727332	0.30376825302800986
12.810557880343474	0.30283472427001035
13.027739713009142	0.3018853690750669
13.248603504640279	0.300919919132103
13.473211676764754	0.2999381015812706
13.701627709164256	0.2989396389368346
13.933916157815268	0.29792424900874764
14.17014267313414	0.29689164482289687
14.410374018531483	0.29585009930903094
14.65467808928117	0.294799533177333
14.903123931709256	0.29373115643348613
15.155781762708072	0.29264466712800286
15.41272298958129	0.291539758192341
15.674020230225409	0.290416117352119
15.939747333653324	0.28927342703885955
16.209979400865834	0.2881113643002365
16.484792806077063	0.28692960070880075
16.764265218299727	0.2857278022691594
17.048475623296255	0.2845242253221958
17.337504345902076	0.2833189966859736
17.63143307272744	0.28209333539049936
17.93034487524408	0.2808468950338115
18.234324233263173	0.2795793233412753
18.543457058811434	0.2782902620660219
18.857830720412014	0.27697934688769965
19.177534067776964	0.2756462073095069
19.502657456918286	0.27429046655348127
19.833292775684804	0.27291174145401287
