Bin Center	Bin Value
1.0084766734865977e-06	42853.26011609487
1.025573728446591e-06	42586.02871519421
1.0429606357115412e-06	42314.26684763195
1.0606423092481435e-06	42037.897706834825
1.0786237463312785e-06	41756.84318410104
1.096910028956362e-06	41471.023846525
1.1155063252756382e-06	41180.358914547396
1.1344178910588306e-06	40884.76623912499
1.1536500711785527e-06	40584.162278513446
1.1732083011208957e-06	40278.46207465614
1.1930981085216315e-06	39967.579229173076
1.213325114728462e-06	39688.98723122676
1.2338950363897473e-06	39465.19553706135
1.2548136870701676e-06	39237.60982465503
1.276086978893783e-06	39006.16577270011
1.297720924214946e-06	38770.79796942755
1.3197216373175394e-06	38531.43989411979
1.3420953361430188e-06	38288.023898310494
1.3648483440477588e-06	38040.48118666539
1.3879870915901932e-06	37788.741797539114
1.4115181183482398e-06	37532.73458320217
1.4354480747675497e-06	37272.387189732886
1.4597837240410894e-06	37029.8499933379
1.484531944020583e-06	36841.47131527534
1.509699729160358e-06	36649.89898812122
1.5352941924941531e-06	36455.078868834375
1.56132256764544e-06	36256.955896467916
1.5877922108718152e-06	36055.47407660757
1.6147106031440625e-06	35850.57646554635
1.6420853522604615e-06	35642.20515419081
1.669924194996937e-06	35430.301251694604
1.698234999293656e-06	35214.80486881442
1.727025766478706e-06	34995.655100983764
1.7563046335294701e-06	34785.20532506018
1.7860798753723282e-06	34633.78877354234
1.816359907221357e-06	34479.80520468914
1.8471532869566818e-06	34323.211098964974
1.8784687175431391e-06	34163.96219903253
1.9103150494899438e-06	34002.013497244436
1.942701283352064e-06	33837.31922292304
1.9756365722740036e-06	33669.83282942461
2.009130224576702e-06	33499.5069809839
2.043191706388287e-06	33326.293539336075
2.077830644319443e-06	33150.143550111556
2.1130568281841312e-06	32975.01525919836
2.148880213766419e-06	32865.63033391383
2.1853109256342356e-06	32754.390968037304
2.2223592600008277e-06	32641.265722594013
2.260035687634718e-06	32526.22262561329
2.2983508568189965e-06	32409.229163092583
2.33731559636079e-06	32290.25226980815
2.3769409186517584e-06	32169.258319970086
2.4172380227804506e-06	32046.213117718766
2.458218297697449e-06	31921.081887460292
2.499893325434172e-06	31793.829264038042
2.5422748843762352e-06	31664.419282737683
2.5853749525923086e-06	31649.48431475529
2.6292057112194152e-06	31641.216885681733
2.6737795479056283e-06	31632.809296014526
2.7191090603111086e-06	31624.259169562472
2.765207059668523e-06	31615.56408985002
2.812086574403813e-06	31606.721599434244
2.8597608538183485e-06	31597.72919921034
2.908243371833496e-06	31588.584347705317
2.9575478307986853e-06	31579.28446035971
3.007688165364037e-06	31569.82690879712
3.0586785464186307e-06	31560.20902008138
3.1105333850955385e-06	31521.974859603495
3.1632673368447717e-06	31477.353868926457
3.216895305575281e-06	31431.976403112192
3.271432447867146e-06	31385.82963737521
3.326894177255208e-06	31338.900529506995
3.3832961685853226e-06	31291.175816189956
3.4406543624444367e-06	31242.64200924885
3.4989849696657957e-06	31193.28539183875
3.5583044759105364e-06	31143.092014568265
3.6186296463269256e-06	31092.04769155716
3.679977530288602e-06	31040.137996427035
3.7423654662131476e-06	31101.50817421543
3.8058110864623638e-06	31208.196836855903
3.870332322325599e-06	31316.69422941221
3.935947409087562e-06	31427.03101591021
4.0026748911820734e-06	31539.238380233634
4.070533627433186e-06	31653.348034937364
4.1395427963851244e-06	31769.392230210276
4.209721901722633e-06	31887.403762989896
4.2810907777831974e-06	32007.415986231546
4.3536695951627085e-06	32129.462818334843
4.427478866416158e-06	32253.57875272976
4.5025394518550016e-06	32484.013499699282
4.5788725654428015e-06	32785.23291092007
4.656499780790804e-06	33091.55899933436
4.735443037255164e-06	33403.078340212465
4.815724646137554e-06	33719.878976565386
4.897367296990898e-06	34042.050444027685
4.980394064031971e-06	34369.68379616273
5.0648284126627486e-06	34702.87163019656
5.150694206102325e-06	35041.708113187975
5.23801571213121e-06	35386.289008642714
5.3268176099500205e-06	35736.71170357843
5.417124997154431e-06	36295.35604778706
5.508963396828368e-06	37067.4595571736
5.602358764757438e-06	37852.65280525399
5.697337496764694e-06	38651.15770691009
5.793926436170743e-06	39463.19993922387
5.892152881380323e-06	40289.00900525885
5.9920445935974825e-06	41128.81829892393
6.093629804671601e-06	41982.86517093594
6.1969372250764114e-06	42851.39099590042
6.301996052024249e-06	43734.64124053073
6.408835977717925e-06	44632.865533022516
6.517487197742476e-06	46441.478956282175
6.627980419599171e-06	49699.313933577134
6.740346871384189e-06	53012.380117623565
6.854618310614458e-06	56381.61386223371
6.970827033203125e-06	59807.96739554963
7.089005882587156e-06	63292.40908916868
7.209188259009688e-06	66835.92373182751
7.331408128959766e-06	70439.5128077284
7.4557000347721344e-06	74104.1947795814
7.582099104389701e-06	77831.00537644966
7.710641061291574e-06	81620.99788647045
7.841362234589427e-06	146123.88353917384
7.974299569294943e-06	370738.6444476284
8.109490636761403e-06	599161.3773330664
8.2469736453023e-06	831456.6400657024
8.386787450989916e-06	1067690.0849876471
8.528971568637e-06	1307928.4774680256
8.673566182964624e-06	1552239.7147724093
8.820612159959398e-06	1800692.8452522939
8.970151058423186e-06	2053358.08785975
9.122225141718621e-06	2310306.851993196
9.276877389713784e-06	2571611.757679363
9.434151510929404e-06	2757486.927373456
9.594091954891897e-06	2543840.999601695
9.756743924695923e-06	2326573.058286984
9.922153389779922e-06	2105621.698177041
1.009036709891814e-05	1880924.4729949527
1.0261432593433015e-05	1652417.8777904382
1.0435398220631543e-05	1420037.3309917601
1.0612313147469377e-05	1183717.156153353
1.079222737444664e-05	943390.563394171
1.0975191749739265e-05	698989.63052106
1.1161257983569949e-05	450445.2838323454
1.1350478662822769e-05	250716.49537585423
1.1542907265905469e-05	956717.4102388142
1.1738598177863784e-05	1674687.4035749312
1.1937606705752042e-05	2404829.3913243343
1.2139989094264214e-05	3147349.7295317487
1.2345802541630085e-05	3902458.2726675393
1.25551052157809e-05	4670368.432937442
1.276795627078901e-05	5451297.240598644
1.2984415863586297e-05	6245465.405297489
1.3204545170965955e-05	7053097.37844754
1.3428406406872572e-05	7874421.416665149
1.365606283998538e-05	8709669.646279994
1.3887578811599428e-05	8109614.9519026
1.4123019753810072e-05	7413405.977176454
1.4362452208005724e-05	6705393.930136012
1.4605943843673997e-05	5985378.709200891
1.4853563477526813e-05	5253156.820399181
1.5105381092949725e-05	4508521.319855339
1.5361467859780866e-05	3751261.7553022173
1.5621896154425324e-05	2981164.1066024527
1.5886739580310524e-05	2198010.7252610475
1.6156072988688328e-05	1401580.2729124248
1.6429972499789846e-05	591647.6587652249
1.6708515524338865e-05	426695.05404174764
1.6991780785430004e-05	391799.1654949518
1.7279848340777897e-05	356311.6748416889
1.7572799605343317e-05	320222.5524461728
1.787071737434314e-05	283521.5986367235
1.817368584665031e-05	246198.44082309928
1.8481790648590444e-05	208242.53056492563
1.8795118858141955e-05	169643.14059045663
1.911375902954649e-05	130389.36176480186
1.943780121833644e-05	90470.10000670681
1.976733700678692e-05	49874.07315311288
2.010245952979909e-05	36884.0825824407
2.0443263501222395e-05	34648.08312264861
2.0789845240623102e-05	32374.175988183062
2.1142302700506447e-05	30061.718517082107
2.150073549400046e-05	27710.057152112513
2.1865244923009176e-05	25318.527256059424
2.2235934006842876e-05	22886.45292388179
2.2612907511333957e-05	20413.14679168584
2.2996271978446405e-05	17897.909842460114
2.3386135756387007e-05	15340.031208514381
2.378260903022729e-05	12738.78797057205
2.4185803853044587e-05	11381.635651255472
2.4595834177590902e-05	10828.150225790601
2.5012815888498808e-05	10265.281369863289
2.5436866835033212e-05	9692.870002921032
2.58681068643985e-05	9110.754347463531
2.6306657855610375e-05	8518.769883320603
2.6752643753941705e-05	7916.749301154318
2.720619060595257e-05	7304.522455173489
2.7667426595114205e-05	6681.916315046516
2.8136482078036625e-05	6048.754916998329
2.8613489621310677e-05	5404.859314078915
2.9098584038974685e-05	4985.007005477688
2.9591902430616117e-05	4794.979579024335
3.009358422011933e-05	4601.730551675896
3.060377119507013e-05	4405.205306514587
3.112260754682844e-05	4205.34830068304
3.165023991128045e-05	4002.1030496866333
3.21868174102813e-05	3795.412111429428
3.273249169380069e-05	3585.217069979708
3.328741698278297e-05	3371.458519060271
3.385175011273356e-05	3154.0760452586114
3.4425650578044646e-05	2933.008210952672
3.500928057707227e-05	7274.050940007466
3.5602805057977356e-05	18924.191998576774
3.620639176534429e-05	30771.841940798604
3.682021128758963e-05	42820.34920330802
3.74444371051745e-05	55073.11898994922
3.807924563963456e-05	67533.61423416453
3.872481630344087e-05	80205.3565777129
3.938133155070636e-05	93091.92736596803
4.0048976928751986e-05	106196.96866008945
4.0727941130546655e-05	119524.1842663681
4.1418416048036695e-05	133077.3407830084
4.2120596826379276e-05	140013.56994778142
4.283468191909501e-05	129115.61818999043
4.356087314415589e-05	118032.90967475116
4.4299375741024114e-05	106762.31215665159
4.505039842865766e-05	95300.64028823253
4.581415346449944e-05	83644.65471973516
4.659085670446638e-05	71791.06118358047
4.738072766395563e-05	59736.50956332671
4.818398957988521e-05	47477.59294685001
4.9000869473785896e-05	35010.846663458615
4.983159821596325e-05	22332.747304696586
5.06764105907474e-05	11458.184823284606
5.153554536284851e-05	10576.897621108856
5.240924534483774e-05	9680.669651211467
5.329775746577216e-05	8769.247617573437
5.420133284098267e-05	7842.373929960128
5.5120226843045515e-05	6899.786631120386
5.605469917395691e-05	5941.219322750763
5.70050139385311e-05	4966.401090205306
5.797143971904293e-05	3975.0564259277157
5.895424965113561e-05	2966.9051515865945
5.9953721501015705e-05	1941.6623388899775
6.097013774395682e-05	1202.387675041781
6.20037856441337e-05	5651.104829464783
6.305495733581034e-05	10175.242629392807
6.412394990590445e-05	14776.079707197074
6.521106547795113e-05	19454.91637234848
6.631661129749061e-05	24213.074978915713
6.74408998189035e-05	29051.900299292945
6.858424879371796e-05	33972.75990426927
6.974698136041389e-05	38977.0445495351
7.092942613574999e-05	44066.16856874478
7.213191730763902e-05	49241.57027324238
7.335479472959735e-05	54504.712358561315
7.459840401679581e-05	72020.98939180095
7.586309664373918e-05	90555.78211223957
7.714923004360164e-05	109404.80160474156
7.845716770924578e-05	128573.37506480444
7.978727929595481e-05	148066.9200017195
8.113994072590647e-05	167890.94576968523
8.251553429441738e-05	188051.0551249008
8.391444877798925e-05	208552.94580903286
8.533707954418694e-05	229402.41215954217
8.678382866337875e-05	250605.346747295
8.825510502237144e-05	272167.74204196414
8.975132443997161e-05	265317.87466970866
9.127290978450629e-05	252547.7782099553
9.28202910933363e-05	239561.18587404018
9.439390569439473e-05	226354.4273322547
9.599419832978691e-05	212923.7700305175
9.762162128148563e-05	199265.41813546757
9.927663449915664e-05	185375.51146165878
0.00010095970573015196	171250.12438058277
0.000102671310651707	156885.26471119153
0.00010441193300537818	142276.8725916029
0.00010618206473376047	127420.81933169039
0.00010798220611952227	119810.48612650423
0.0001098128659267977	114979.14297456415
0.00011167456154497583	110065.89238582298
0.00011356781913492733	105069.34575508432
0.00011549317377771094	99988.09093564731
0.00011745116962580011	94820.6918401968
0.000119442360056874	89565.6880349325
0.00012146730783021559	84221.59432681174
0.00012352658524576125	78786.90034379995
0.00012562077430584671	73260.07010800137
0.00012775046687969532	67639.54160155295
0.00012991626487069465	66044.29341496067
0.00013211878038650918	67066.30650779749
0.00013435863591207715	68105.64614320824
0.0001366364644855399	69162.60606408119
0.00013895290987715406	70237.48499322945
0.00014130862677123667	71330.58671781764
0.0001437042809511953	72442.22017521989
0.00014614054948769456	73572.6995403324
0.000148618120930013	74722.34431436777
0.000151137695500644	75891.47941515321
0.00015369998529319567	77080.4352689609
0.00015630571447364634	77711.76379311446
0.0001589556194850114	77771.13423454232
0.00016165044925548012	77831.51120366364
0.0001643909654100813	77892.91176449167
0.00016717794248593707	77955.35327033178
0.00017001216815116626	78018.85336868592
0.00017289444342749832	78083.43000624028
0.00017582558291666232	78149.10143393747
0.00017880641503061295	78215.88621213463
0.00018183778222566024	78283.8032158491
0.0001849205412405683	78352.87164009293
0.00018805556333869087	78330.10672700078
0.00019124373455421158	78159.57225105172
0.00019448595594255894	77986.146644961
0.00019778314383506694	77809.78089439619
0.0002011362300979524	77630.42515406785
0.00020454616239568355	77448.0287336421
0.0002080139044588133	77262.54008341422
0.00021154043635635282	77073.90677973941
0.00021512675477276336	76882.07551021673
0.00021877387328964368	76686.99205862149
0.00022248282267219304	76488.60128958266
0.00022625465116053078	74972.09109129511
0.00023009042476595482	69982.632632934
0.0002339912275722221	64908.58615411965
0.00023795816204193806	59748.51760479214
0.00024199234932813907	54500.968622942055
0.0002460949295911579	49164.45612244387
0.000250267062320861	43737.47187389822
0.0002545099266643491	38218.482078368645
0.00025882472175921256	32605.926933894207
0.0002632126670724374	26898.220194648962
0.0002676750027450568	21093.748722632423
0.000272212989942645	16037.530607008164
0.0002768279112117538	15164.652486012088
0.00028152107084239176	14276.976159365504
0.0002862937952366485	13374.250747953332
0.0002911474332835686	12456.221119420034
0.00029608335674038034	11522.627816062473
0.0003011029606201888	10573.2069815013
0.0003062076635862394	9607.690286108167
0.0003113989083528686	8625.80485116968
0.0003166781620932493	7627.273171764694
0.0003220469168540502	6611.81303833503
0.0003275066899771249	5828.951036280076
0.0003330590245283501	9315.540280855732
0.00033870548973373356	12861.238882647474
0.0003444476814229158	16467.048943098012
0.0003502872224801914	20133.989552622585
0.0003562257633031753	23863.097078630715
0.0003622649822692456	27655.425458427435
0.0003684065862098948	31512.04649708339
0.00037465231089312185	35434.05017035178
0.0003810039215140027	39422.54493272298
0.0003874632131935779	43478.65803070171
0.0003940320114861983	47603.535821392725
0.0004007121728954702	46722.35713840014
0.0004075055853989504	45525.13481976465
0.0004144141689817342	44307.615575757205
0.00042143987617909023	43069.45530555955
0.00042858469262829513	41810.30407469289
0.0004358506376298232	40529.80601611754
0.00044323976471805033	39227.599229656735
0.00045075416224163326	37903.315679714135
0.0004583959539537282	36556.581091258544
0.00046616729961221495	35187.01484404396
0.0004740703955900987	33794.229865037676
0.00048210747549625794	33637.13110590879
0.0004902808108067176	33731.35268041984
0.0004985927115066238	33827.17162597593
0.0005070455267431023	33924.61502336265
0.0005156416454891852	34023.7104124755
0.0005243834972189932	34124.48580010344
0.0005332735525943647	34226.969667844176
0.0005423143241631259	34331.19098015388
0.0005515083670691978	34437.17919253318
0.0005608582797747427	34544.964259852015
0.0005703667047945538	34654.576644815636
0.0005800363294428943	34674.24716309235
0.0005898698865929987	34658.64555919561
0.0005998701554494499	34642.77945589467
0.0006100399623336496	34626.644369039364
0.0006203821814826074	34610.23573845815
0.0006308997358612702	34593.54892666934
0.0006415955979886241	34576.5792175704
0.0006524727907778005	34559.32181510507
0.0006635343883904261	34541.77184190789
0.0006747835171054565	34523.92433792573
0.0006862233562027389	34505.774259015954
0.0006978571388615554	33331.5435201404
0.0007096881530743971	31395.707378051593
0.000721719742576234	29427.05233416282
0.0007339553077895347	27425.02199824435
0.0007463983067853096	25389.050547390176
0.000759052256260447	23318.562566102297
0.0007719207325316177	21212.972883663675
0.0007850073725460303	19071.686408755602
0.0007983158749093201	16894.097961269297
0.0008118500009308684	14679.592101268041
0.0008256135756868389	12427.542955047895
0.0008396104891012391	11482.008665355586
0.0008538446970453072	11876.489663609133
0.0008683202224555398	12277.658435100404
0.0008830411564706713	12685.62835996955
0.0008980116595879309	13100.514740529656
0.0009132359628389011	13522.434833853828
0.0009287183689853098	13951.50788491511
0.0009444632537350985	14387.855160287858
0.0009604750669791034	14831.599982420837
0.000976758334048704	15282.867764490991
0.0009933176569947924	15741.786045848386
0.0010101577158884273	15900.759502664641
0.0010272832701435355	15574.777099058721
0.0010446991598620384	15243.2682026573
0.0010624103072017859	14906.1391209105
0.0010804217177676776	14563.294572866072
0.0010987384820263695	14214.637662240804
0.0011173657767449654	13860.069850035077
0.0011363088664540976	13499.490926683498
0.001155573104935813	13132.798983733144
0.0011751639367366833	12759.890385041652
0.001195086898706568	12380.65973748728
0.0012153476215634612	12030.20221486192
0.0012359518314848752	11766.10244314167
0.0012569053517261955	11497.525296355885
0.0012782141042664767	11224.394868011574
0.0012998841114821393	10946.63396474662
0.0013219214978490406	10664.164084513006
0.0013443324916734025	10376.905394390333
0.0013671234268520828	10084.776708022931
0.0013903007446626919	9787.695462674732
0.0014138709955840512	9485.577695894899
0.0014378408411475259	9178.3380217881
0.001462217055819732	8942.166059508403
0.001487006528917169	9086.594740051143
0.0015122162665533096	9233.471970127997
0.0015378533936186989	9382.839260848814
0.0015639251557946247	9534.73882707566
0.0015904389216009206	9689.213599353834
0.0016174021844784967	9846.307236045039
0.001644822564907166	10006.064135666358
0.0016727078125593794	10168.52944943831
0.0017010658084904745	10333.749094045761
0.0017299045673660539	10501.769764615026
0.0017592322397271272	10653.656864474367
0.0017890571142936541	10482.69624703903
0.00181938762030714	10308.837274937569
0.0018502323299129445	10132.030811357658
0.0018815999605829837	9952.226886453582
0.0019134993775794988	9769.374683223456
0.0019459395964605988	9583.422523147156
0.0019789297856282768	9394.317851580676
0.0020124792689196255	9202.007222902868
0.002046597528241984	9006.436285410462
0.0020812942062527554	8807.549765956863
0.0021165791090846623	8605.291454330689
0.0021524622091171927	8298.383832975525
0.0021889536477950485	7980.2687653993835
0.002226063738494361	7656.760582705201
0.002263802969437506	7327.767853541136
0.0023021820066573316	6993.197596487914
0.002341211697011642	6652.955253779937
0.002380903071248787	6306.944664581084
0.0024212673471252157	5955.068037807115
0.0024623159325758994	5597.225924487714
0.002504060428938488	5233.317189659563
0.002546512634232132	4863.238983783318
0.002589684546491897	4715.3377099731215
0.0026335883671596977	4611.004525222498
0.0026782365045327286	4504.9025437899845
0.002723641577270352	4397.0017786516955
0.0027698164179604406	4287.271734403349
0.002816774076746179	4175.68139864147
0.002864527825014361	4062.199233198572
0.002913091159146204	3946.793165229643
0.00296247780433176	3829.4305781476255
0.0030127017184489882	3710.07830240514
0.003063777096008598	3588.702606119946
0.0031157183721657643	3508.8739591937683
0.003168540226799852	3444.6044931625006
0.0032222575886633196	3379.245444573828
0.0032768856396009427	3312.778341356588
0.003332439818840581	3245.184398276208
0.0033889358273566797	3176.444511625496
0.0034463896323077533	3106.5392538254955
0.003504817471549092	3035.448867934766
0.0035642358582219833	2963.153262065567
0.0036246615854207296	2889.6320037054356
0.0036861117309387823	2814.864313942414
0.0037486036620953556	2940.4148743819123
0.003812155040643852	3197.4583128674217
0.0038767838277635053	3458.8594979527584
0.0039425082891356555	3724.692308028036
0.004009347000106073	3995.031873969394
0.004077318850934814	4269.954600372726
0.004146443052135065	4549.538187147604
0.004216739139902512	4833.861651477071
0.004288226981636735	5123.005350149953
0.0043609267815562435	5417.051002271535
0.0044348590864086695	5716.081712359512
0.004510044791277788	5843.975987567953
0.004586505145488975	5796.34512920368
0.004664261758614799	5747.906768370922
0.004743336606582408	5698.647215200157
0.004823752037884462	5648.552547732741
0.004905530779895379	5597.608607986244
0.004988695945294638	5545.800997953042
0.0050732710385989945	5493.115075531097
0.00515927996280543	5439.535950385727
0.005246747026146728	5385.048479741248
0.005335696948961579	5329.637264101244
0.005426154870681148	5279.44384985198
0.005518146356934106	5238.156797994639
0.005611697406772088	5196.169792421659
0.005706834460017679	5153.470966574836
0.005803584404736951	5110.048252718082
0.005901974584838687	5065.889378526796
0.006002032807802441	5020.981863619402
0.006103787352537622	4975.313016030076
0.006207266977375798	4928.869928621705
0.0063125009281985115	4881.639475437992
0.006419518946702887	4833.608307993755
0.006528351278807347	4788.559183997588
0.006639028683199877	4752.700160215222
0.006751582440031165	4716.233205960552
0.006866044359755151	4679.148014777347
0.006982446792119436	4641.43410548045
0.007100822635308117	4603.080819193522
0.007221205345239623	4564.077316336613
0.007343628945022168	4524.412573562598
0.007468128034569535	4484.075380641735
0.007594737800379845	4443.054337293358
0.007723494025480133	4401.337849963896
0.007854433099539503	4359.934953467757
0.007987592029153752	4322.977388457685
0.008123008448304332	4285.393269024717
0.008260720628994637	4247.171972974316
0.008400767492066627	4208.302698030209
0.008543188618200779	4168.774458781378
0.008688024259102596	4128.5760835773235
0.008835315348878707	4087.696211370673
0.008985103515605851	4046.123288506284
0.009137431093096001	4003.845565455887
0.009292341132860928	3960.851093497378
0.00944987741627962	3918.104168424263
0.00961008446697198	3891.372433604906
0.009773007563382282	3864.187506409962
0.009938692751575978	3836.54170371184
0.010107186858253434	3808.427212128226
0.010278537503984326	3779.836085813816
0.010452793116666375	3750.7602442146476
0.01063000294521226	3721.191469784311
0.010810217073468546	3691.1214056614835
0.010993486434370621	3660.5415533080723
0.011179862824337635	3629.4432701073283
0.011369398917911373	3597.817766921212
0.0115621482826434	3570.221389759652
0.01175816539423459	3542.427971742814
0.01195750565193128	3514.1633622667687
0.01216022539418243	3485.4195730592146
0.012366381914562269	3456.188480419897
0.012576033477962906	3426.4618229246626
0.012789239337061348	3396.2311990905587
0.013006059749065789	3365.488065001378
0.013226555992745814	3334.223731892937
0.013450790385751248	3302.4293636974267
0.013678826302224625	3270.0959745461046
0.013910728190712313	3244.1146902858136
0.01414656159237927	3219.0846272769318
0.014386393159532572	3193.6302209250985
0.014630290674458951	3167.7442771903866
0.01487832306858176	3141.4194800698087
0.01513056044194274	3114.6483895296487
0.01538707408301392	3087.423439402711
0.01564793648884552	3059.736935249941
0.015913221385555443	3031.581052185797
0.016183003749166057	3002.9478326667295
0.01645735982679421	2973.829184242196
0.016736367158200583	2949.6138905166995
0.01702010459770437	2927.0813515971663
0.01730865233646935	2904.166810727144
0.01760209192516793	2880.86379169502
0.017900506297029384	2857.165708495719
0.018203979791278812	2833.0658634693436
0.01851259817697342	2808.5574454082357
0.018826448677242997	2783.6335276319705
0.019145619993941376	2758.287066029716
0.019470202332715632	2732.510897069376
0.01980028742850048	2706.2977357730115
0.020135968571444854	2683.2936131213505
0.02047734063327794	2662.2440282119137
0.020824500094122237	2640.837582385866
0.021177545069761234	2619.0682256562636
0.021536575339369382	2596.9298054686437
0.021901692373712103	2574.416064962145
0.022272999363823855	2551.520641201175
0.022650601250172524	2528.237063377084
0.023034604752318222	2504.5587509793663
0.023425118399074712	2480.479011935831
0.023822252559182414	2455.991040721263
0.024226119472501327	2434.052633168706
0.02463683328173276	2414.7320382304974
0.02505451006467877	2395.0838945425726
0.02547926786704869	2375.102649057325
0.025911226735821788	2354.782654584412
0.026350508753175343	2334.1181681947055
0.026797238070988147	2313.103349597212
0.027251540945928937	2291.732259488453
0.027713545775139542	2269.9988578738885
0.028183383132523047	2247.8970023608445
0.02866118580564722	2225.4204464225327
0.02914708883327361	2204.4107850918836
0.029641229543522683	2185.973376887346
0.030143747592686156	2167.223392904231
0.030654785004697392	2148.155533936905
0.031174486211270773	2128.7644109404728
0.03170299809272158	2109.0445435076826
0.032240470019478044	2088.9903583200357
0.03278705389429716	2068.5961875726407
0.03334290419519608	2047.8562673723345
0.03390817801911129	2026.7647361086765
0.03448303512629816	2005.3156327973065
0.03506763798548322	1984.2852699966056
0.03566215181978157	1964.9497274179034
0.03626674465339311	1945.2863826769471
0.03688158735909036	1925.2896784299462
0.03750685370651129	1904.9539631175253
0.03814272041127069	1884.273489367465
0.038789367184904555	1863.242412370347
0.03944697678566097	1841.8547882276798
0.04011573507015191	1820.1045722719896
0.040795831045880984	1797.9856173584606
0.04148745692466166	1775.4916721275952
0.042190808176941	1753.05159614868
0.04290608358704426	1732.4255559890505
0.04363348530935635	1711.4498354139093
0.044373218925455746	1690.118506169848
0.04512549350221661	1668.4255394997122
0.04589052165089637	1646.3648044387396
0.046668519587224955	1623.930066081792
0.04745970719251261	1601.1149838212286
0.048264308075793586	1577.9131095548798
0.049082549637023715	1554.317885863663
0.04991466313134927	1530.3226441583015
0.05076088373446526	1506.3919450231672
0.05162145060908174	1490.1360794928662
0.05249660697251718	1473.6046226338783
0.053386600165437795	1456.7929022507897
0.05429168172176177	1439.6961669388304
0.055212107439749095	1422.3095847410161
0.05614813745429652	1404.6282417825264
0.057100036310457944	1386.6471408819098
0.05806807303821126	1368.3612001387646
0.059052521228492916	1349.7652514974673
0.060053659110521615	1330.8540392865607
0.06107176963043235	1311.622218733359
0.06210714053124414	1298.2427741556132
0.06316006443418334	1285.0030036131302
0.06423083892138551	1271.538774646797
0.06531976661999925	1257.8462819350707
0.06642715528771626	1243.9216556434728
0.0675533178997513	1229.7609603308833
0.06869857273729645	1215.3601938372778
0.06986324347747515	1200.715286152626
0.07104765928482162	1185.8220982666041
0.07225215490431065	1170.6764209988153
0.07347707075596457	1155.2739738091618
0.07472275303106449	1143.6347540510628
0.0759895537899926	1132.609868229501
0.07727783106173274	1121.398073693266
0.07858794894505827	1109.9962017140663
0.07992027771143562	1098.4010298430576
0.08127519390967182	1086.6092810001076
0.08265308047233633	1074.617622547602
0.0840543268239873	1062.4226653485657
0.08547932899123273	1050.0209628088123
0.08692848971465711	1037.409009902844
0.08840221856264566	1024.5832421832513
0.08990093204713845	1014.845150376156
0.09142505374134735	1006.2238871650405
0.09297501439946756	997.4564646873602
0.09455125207841958	988.5404050543536
0.0961542122616551	979.4731883687565
0.09778434798506135	970.252252012607
0.09944211996499988	960.8749899229941
0.10112799672851666	951.3387518555161
0.10284245474575948	941.6408426352625
0.10458597856463961	931.7785213950832
0.10635906094777714	921.7490008009582
0.10816220301176807	913.8763239229545
0.1099959143688119	907.3634142416302
0.11186071327074038	900.7400889426732
0.11375712675548838	894.0044761118057
0.1156856907960481	887.1546720995404
0.11764695045194742	880.1887409831569
0.11964146002329763	873.1047140195657
0.12166978320745231	865.9005890888924
0.12373249325832185	858.5743301286321
0.12583017314838887	851.1238665582032
0.12796341573347078	843.5470926937525
0.1301328239202756	836.7608595664937
0.13233901083679792	830.786326747378
0.13458260000560376	824.710505600377
0.13686422552005356	818.5316789493232
0.13918453222351285	812.2481005061676
0.14154417589160012	805.8579943774319
0.14394382341752546	799.3595545622992
0.14638415300057117	792.7509444421971
0.14886585433776733	786.0302962617184
0.15138962881881685	779.1957106007511
0.1539561897243255	772.2452558376546
0.1565662624273933	766.1522879212112
0.15922058459862143	761.5016112031193
0.16191990641459691	756.7720899489657
0.16466499076991092	751.9623874799724
0.16745661349277144	747.0711444561853
0.17029556356427086	742.0969784922855
0.17318264334137182	737.0384837668969
0.17611866878367344	731.8942306252674
0.17910446968402055	726.6627651752098
0.18214088990302393	721.342608876199
0.1852287876075565	715.9322581214989
0.18836903551329195	711.0110188878125
0.1915625211313552	707.5292747693876
0.19481014701915514	703.9885034348504
0.19811283103547012	700.3877041753267
0.20147150659985671	696.7258593165755
0.20488712295645675	693.0019339313717
0.20836064544227734	689.2148755470099
0.21189305576001943	685.3636138478507
0.21548535225552995	681.4470603728209
0.2191385501999592	677.4641082077898
0.22285368207670214	673.4136316727273
0.22663179787320292	669.5209815392068
0.23047396537770667	666.7043838984863
0.23438127048104318	663.8400355006787
0.23835481748352697	660.9271268106311
0.24239572940705814	657.9648345688599
0.2465051483125168	654.952321558878
0.25068423562253794	651.8887363705762
0.2549341724497574	648.7732131595957
0.2592561599306229	645.6048714026163
0.263651419564865	642.3828156485007
0.26812119356072395	639.106135265219
0.2726667451860265	635.7139729958488
0.2772893591252171	631.2368613027054
0.281990341842442	626.6838475815898
0.2867710219507872	622.0536450390871
0.29163275058777705	617.3449450663251
0.29657690179723906	612.5564168691315
0.301604872917643	607.6867070919205
0.3067180849770227	602.7344394351978
0.3119179830945925	597.6982142665865
0.3172060368891745	592.576608225256
0.3225837408945492	587.3681738196474
0.32805261498184624	582.0714390183734
0.33361420478909765	574.2803180776946
0.33927008215807397	566.2144727003491
0.34502184557852467	558.0118842476892
0.3508711206399501	549.670234466913
0.3568195604910331	541.1871658030735
0.36286884630686106	532.5602807327793
0.3690206877640648	523.7871410865906
0.37527682352401626	514.865267359936
0.3816390217242176	505.79213801234107
0.38810908047801956	496.56518875478474
0.3946888283828117	487.18181182496113
0.4013801250368295	481.04426394415475
0.4081848615647239	475.4893886314618
0.4151049611520369	469.8403395902
0.42214237958874223	464.09552026047305
0.4292991058220006	458.2533070153502
0.43657716251828405	452.3120487019921
0.4439786066350301	446.2700661749903
0.4515055300019897	440.1256518218015
0.45916005991243	433.87706908013666
0.4669443597243591	427.5225519471618
0.4748606294719433	421.0603044803844
0.4829111064872912	415.9259654242682
0.49109806603278056	411.2621172365734
0.49942382194410007	406.5192012123224
0.5078907272841978	401.6958768870469
0.5165011750083155	396.7907810709213
0.5252575986402952	391.80252746348816
0.5341624729603521	386.7297062618579
0.5432183147045091	381.5708837622629
0.5524276832758899	376.32460195485965
0.5617931814680651	370.9893781116565
0.5713174562006686	365.56370436745965
0.581003199267482	360.42021214693614
0.5908531480972009	355.429634651307
0.6008700865270983	350.3544501637979
0.6110568455898062	345.1932243127183
0.6214163043134371	339.9444984089791
0.6319513905352644	334.60678903382654
0.6426650817292021	329.17858761959496
0.6535604058473143	323.65836002334686
0.664640442175587	318.0445460932892
0.6759083222042086	312.3355592278324
0.687367230512607	306.52978592717926
0.6990204056694916	302.0318223856185
0.7108711411481512	298.8757104699009
0.722922786257268	295.66609189379
0.7351787470875167	292.4020595403062
0.7476424874742114	289.08269091380254
0.7603175299762654	285.7070478792417
0.7732074568717561	282.2741763970579
0.786315911170365	278.7831062535227
0.7996465976429815	275.2328507865364
0.8132032838687591	271.6224066067748
0.8269898012999282	267.95075331410584
0.8410100463446608	265.00923874203176
0.855267981468286	263.2735468053774
0.8697676363131823	261.5084290810822
0.8845131088376559	259.7133867035587
0.8995085664741215	257.8879123497774
0.9147582473069199	256.03149009588583
0.9302664612701064	254.14359527139504
0.9460375913655462	252.22369431089598
0.9620760949016535	250.27124460325942
0.9783865047531382	248.28569433828156
0.9949734306421101	246.26648235072852
1.0118415604408977	244.34149669781183
1.0289956614969529	242.72068981977174
1.0464405819802236	241.07240484035145
1.064181252253368	239.39617591376455
1.0822226862651902	237.69152929657875
1.1005699829677078	235.9579832138251
1.1192283277572432	234.19504772283625
1.1382029939399423	232.40222457477753
1.157499344222137	230.57900707382822
1.1771228322259815	228.72487993397746
1.1970790040307793	226.83931913339268
1.2173734997404417	224.93668031022634
1.2380120550775158	223.07685707448962
1.259000503004244	221.18550361012848
1.280344775371104	219.2620853742373
1.3020509045932895	217.30605876161846
1.324125025355623	215.31687095114685
1.346573376346368	213.2939597495297
1.3694023020204367	211.2367534324156
1.3926182543924834	209.14467058281198
1.4162277948604052	207.01711992676212
1.4402375960597587	204.85350016623744
1.4646544437496023	202.68655738055486
1.489485238730322	201.0547490973774
1.51473699879397	199.3952762021813
1.5404168607076627	197.70766968720054
1.566532082230602	195.99145259341708
1.5930900441653	194.24613987576114
1.6200982524435794	192.4712382660263
1.6475643402479245	190.6662461334583
1.6754960701688117	188.83065334298303
1.703901336398609	186.96394111102907
1.7327881669626681	185.0655818589079
1.7621647259882356	183.13503906370582
1.7920393160118402	181.43031385197267
1.8224203803257968	179.71202469054398
1.853316505364485	177.96460477676126
1.8847364231310813	176.18756024687238
1.916689013665442	174.3803888644812
1.949183307553826	172.54257987860456
1.9822284884811492	170.6736138793199
2.015833895826523	168.77296265096803
2.0500090273027984	166.84008902286706
2.0847635416408483	164.87444671749358
2.1201072613193555	162.87548019609196
2.1560501753408943	160.81158157325885
2.19260244205507	158.70643201745614
2.2297743920295074	156.56559313080345
2.2675765309695297	154.3884598596916
2.306019542687331	152.17441689282742
2.3451142921214814	149.92283848733274
2.3848718284076194	147.6330882918923
2.425303388001213	145.3045191669064
2.466420397853267	142.93647300159378
2.5082344786398427	140.52828052799208
2.5507574480463564	138.0792611318072
2.594001324107549	135.42243683872593
2.6379783286040754	132.65607487758638
2.6827008905166734	129.84281382226618
2.7281816495389037	126.9818585761486
2.7744334596494413	124.07240056306917
2.821469392744924	121.11361749879008
2.8693027423343835	118.10467315860383
2.9179470272963197	115.044717140995
2.967415995699482	111.9328846272973
3.0177236286883886	108.76829613727243
3.0688841444347537	105.55005728054834
3.1209120021558947	102.58251887453613
3.173821906201257	99.76056657638179
3.227628810208219	96.89077274177507
3.2823479213283613	93.97232629654832
3.3379947045253915	91.0044024161133
3.3945848869459034	87.98616229234327
3.452134462364263	84.91675289650652
3.5106596957028504	81.795306738179
3.5701771276289174	78.62094162007156
3.6307035792293805	75.39276038869728
3.6922561567648793	72.1098506808147
3.7548522565044355	69.28902535843946
3.8185095696420452	66.94248857237635
3.883246087296655	64.55617013399376
3.9490801055968987	62.12939561113644
4.0160302308520315	59.661479137767714
4.084115384810512	57.15172322012508
4.15335481000777	54.5994185395923
4.223768075204623	52.00384375222947
4.295375080917878	49.3642652849016
4.368196065044701	46.679937127954155
4.442251608582351	43.95010062437172
4.517562641444888	41.63271478301213
4.594150448378453	40.00299048813614
4.672036674976876	38.34563691181826
4.751243333799254	36.660185645264
4.83179281059124	34.94616033858146
4.913707870611789	33.203076566153875
4.997011665067193	31.43044168972875
5.081727737654187	29.62775471918704
5.167880031213956	27.794506170949663
5.255492894498976	25.930177923985905
5.34459108905458	24.034243073379226
5.4351997962171765	22.40433712458387
5.527344624231095	21.52859228281208
5.621051615486111	20.638000634877624
5.716347253877695	19.732310477724425
5.813258472291963	18.811265841086797
5.911812660217597	17.874606415146452
6.012037671486796	16.9220674769623
6.1139618321474405	15.953379815653761
6.217613948468717	14.968269656314396
6.323023315082487	13.96645858263681
6.430219723262686	12.947663458225705
6.53923346934505	12.028452259953795
6.650095363289597	11.682873479438193
6.762836737388284	11.331435981949893
6.877489455120308	10.974040442627322
6.994085920157464	10.610585852719945
7.112659085522235	10.240969491040822
7.233242462901145	9.865086894935228
7.355870132115967	9.482831830756671
7.480576750755502	9.094096263842834
7.607397563970681	8.698770327982237
7.736368414435725	8.296742294363538
7.867525752478134	7.907272242976832
8.000906646380447	7.84333588209003
8.13654879285668	7.778315585892901
8.274490527706323	7.712192978054052
8.414770836648957	7.644949370701736
8.557429366342594	7.576565759142241
8.702506435588823	7.507022816488704
8.850043046727835	7.4363008881988275
9.000080897226729	7.364379986520037
9.152662391464244	7.291239784840452
9.307830652715264	7.216859611944113
9.4656295353385	7.141218446168735
9.626103637170822	7.157455852907526
9.789298312131727	7.179494793099993
9.955259683041426	7.201907367092464
10.124034654656292	7.224699909228393
10.295670926925336	7.247878861239556
10.470217008471352	7.271450774066635
10.64772223030063	7.295422309710696
10.828236759745124	7.3198002431160125
11.011811614640994	7.344591464084836
11.19849867774748	7.369802979224633
11.388350711410215	7.395441913928315
11.58142137247319	7.3930845602210065
11.777765227443524	7.384953098260184
11.977437767913225	7.376683780803341
12.180495426242514	7.368274270738419
12.386995591509024	7.359722191331492
12.596996625727332	7.351025125555038
12.810557880343474	7.342180615404826
13.027739713009142	7.33318616120523
13.248603504640279	7.324039220902754
13.473211676764754	7.314737209347587
13.701627709164256	7.305277497562977
13.933916157815268	7.2601401900411915
14.17014267313414	7.200461947510707
14.410374018531483	7.139771959027853
14.65467808928117	7.078053072112443
14.903123931709256	7.015287843492364
15.155781762708072	6.951458534173637
15.41272298958129	6.886547104426969
15.674020230225409	6.8205352086892725
15.939747333653324	6.753404190378784
16.209979400865834	6.685135076622214
16.484792806077063	6.615708572892568
16.764265218299727	6.576548618897264
17.048475623296255	6.556903160329007
17.337504345902076	6.536924645485193
17.63143307272744	6.516607427947221
17.93034487524408	6.495945765570801
18.234324233263173	6.47493381886307
18.543457058811434	6.4535656493322175
18.857830720412014	6.431835217809129
19.177534067776964	6.4097363827405545
19.502657456918286	6.387262898453357
19.833292775684804	6.364408413389339
