Bin Center	Bin Value
1.0084766734865977e-06	95.65021853615589
1.025573728446591e-06	94.88265564201801
1.0429606357115412e-06	94.11067085789674
1.0606423092481435e-06	93.33411730899843
1.0786237463312785e-06	92.55284623241637
1.096910028956362e-06	91.76670694008286
1.1155063252756382e-06	90.97554678113495
1.1344178910588306e-06	90.1792111036844
1.1536500711785527e-06	89.37754321598128
1.1732083011208957e-06	88.57038434695922
1.1930981085216315e-06	87.81899701656128
1.213325114728462e-06	87.12477798448282
1.2338950363897473e-06	86.42668788674402
1.2548136870701676e-06	85.72459498419805
1.276086978893783e-06	85.01836585765886
1.297720924214946e-06	84.30786537478728
1.3197216373175394e-06	83.59295665645345
1.3420953361430188e-06	82.87350104256844
1.3648483440477588e-06	82.14935805737429
1.3879870915901932e-06	81.42038537418374
1.4115181183482398e-06	80.73636015920928
1.4354480747675497e-06	80.09840399912135
1.4597837240410894e-06	79.45689385542208
1.484531944020583e-06	78.81170869451437
1.509699729160358e-06	78.16272593964308
1.5352941924941531e-06	77.50982144047471
1.56132256764544e-06	76.85286944219739
1.5877922108718152e-06	76.1917425541315
1.6147106031440625e-06	75.52631171784395
1.6420853522604615e-06	74.8564461747565
1.669924194996937e-06	74.22787210702593
1.698234999293656e-06	73.64161980982266
1.727025766478706e-06	73.05210465661371
1.7563046335294701e-06	72.45921544963447
1.7860798753723282e-06	71.8628395736954
1.816359907221357e-06	71.26286296823689
1.8471532869566818e-06	70.65917009894297
1.8784687175431391e-06	70.05164392890632
1.9103150494899438e-06	69.44016588933627
1.942701283352064e-06	68.8246158498026
1.9756365722740036e-06	68.24653036278704
2.009130224576702e-06	67.70684397009914
2.043191706388287e-06	67.16414594070852
2.077830644319443e-06	66.61833384104351
2.1130568281841312e-06	66.06930393098017
2.148880213766419e-06	65.51695113809181
2.1853109256342356e-06	64.9611690314928
2.2223592600008277e-06	64.40184979526872
2.260035687634718e-06	63.83888420148505
2.2983508568189965e-06	63.27216158276855
2.33731559636079e-06	62.74055996730062
2.3769409186517584e-06	62.24495585640381
2.4172380227804506e-06	61.74659261461189
2.458218297697449e-06	61.24537623114705
2.499893325434172e-06	60.74121149680347
2.5422748843762352e-06	60.23400198032092
2.5853749525923086e-06	59.72365000438467
2.6292057112194152e-06	59.210056621246736
2.6737795479056283e-06	58.6931215879609
2.7191090603111086e-06	58.1727433412245
2.765207059668523e-06	57.68429974911367
2.812086574403813e-06	57.22858754340889
2.8597608538183485e-06	56.770337565631216
2.908243371833496e-06	56.3094633658231
2.9575478307986853e-06	55.84587739190543
3.007688165364037e-06	55.37949096795048
3.0586785464186307e-06	54.91021427211147
3.1105333850955385e-06	54.43795631420371
3.1632673368447717e-06	53.96262491293047
3.216895305575281e-06	53.48412667274788
3.271432447867146e-06	53.03489176824255
3.326894177255208e-06	52.615650252296746
3.3832961685853226e-06	52.19407099970579
3.4406543624444367e-06	51.77007445282313
3.4989849696657957e-06	51.34358003942336
3.5583044759105364e-06	50.91450615270432
3.6186296463269256e-06	50.482770130973925
3.679977530288602e-06	50.04828823701522
3.7423654662131476e-06	49.6109756371252
3.8058110864623638e-06	49.17074637982083
3.870332322325599e-06	48.75758347067249
3.935947409087562e-06	48.372162269299125
4.0026748911820734e-06	47.98459215466752
4.070533627433186e-06	47.594799989105205
4.1395427963851244e-06	47.20271170225825
4.209721901722633e-06	46.80825227270753
4.2810907777831974e-06	46.41134570929489
4.3536695951627085e-06	46.01191503215358
4.427478866416158e-06	45.60988225343888
4.5025394518550016e-06	45.205168357752584
4.5788725654428015e-06	44.82549523372785
4.656499780790804e-06	44.47148776462036
4.735443037255164e-06	44.11551040812984
4.815724646137554e-06	43.757496020957156
4.897367296990898e-06	43.397376603976305
4.980394064031971e-06	43.03508328536053
5.0648284126627486e-06	42.670546303442606
5.150694206102325e-06	42.30369498930423
5.23801571213121e-06	41.93445774908918
5.3268176099500205e-06	41.562762046036475
5.417124997154431e-06	41.21371970271716
5.508963396828368e-06	40.887895807488256
5.602358764757438e-06	40.56025479146498
5.697337496764694e-06	40.230734821960034
5.793926436170743e-06	39.89927327771836
5.892152881380323e-06	39.565806733374515
5.9920445935974825e-06	39.23027094366454
6.093629804671601e-06	38.8926008273884
6.1969372250764114e-06	38.55273045111855
6.301996052024249e-06	38.210593012649625
6.408835977717925e-06	37.889518067923795
6.517487197742476e-06	37.59003118531672
6.627980419599171e-06	37.28887484791901
6.740346871384189e-06	36.98599222783865
6.854618310614458e-06	36.68132577252651
6.970827033203125e-06	36.37481719049245
7.089005882587156e-06	36.066407436795856
7.209188259009688e-06	35.75603669830696
7.331408128959766e-06	35.44364437873459
7.4557000347721344e-06	35.12916908341669
7.582099104389701e-06	34.83414101253454
7.710641061291574e-06	34.55904545423551
7.841362234589427e-06	34.28241921338645
7.974299569294943e-06	34.00421011445065
8.109490636761403e-06	33.724365316857906
8.2469736453023e-06	33.44283130189243
8.386787450989916e-06	33.159553859374135
8.528971568637e-06	32.874478074128994
8.673566182964624e-06	32.58754831224542
8.820612159959398e-06	32.29870820711256
8.970151058423186e-06	32.02751681891417
9.122225141718621e-06	31.774414413724376
9.276877389713784e-06	31.519901591041805
9.434151510929404e-06	31.26393032852357
9.594091954891897e-06	31.006451991506164
9.756743924695923e-06	30.74741732093538
9.922153389779922e-06	30.48677642110574
1.009036709891814e-05	30.224478747205758
1.0261432593433015e-05	29.960473092666348
1.0435398220631543e-05	29.694707576308343
1.0612313147469377e-05	29.445232240298573
1.079222737444664e-05	29.21245351970599
1.0975191749739265e-05	28.978376707714258
1.1161257983569949e-05	28.742957630126455
1.1350478662822769e-05	28.506151549393444
1.1542907265905469e-05	28.267913153509912
1.1738598177863784e-05	28.028196544735366
1.1937606705752042e-05	27.786955228136833
1.2139989094264214e-05	27.544142099949855
1.2345802541630085e-05	27.299709435755066
1.25551052157809e-05	27.070302341028494
1.276795627078901e-05	26.856295734194152
1.2984415863586297e-05	26.641095780087
1.3204545170965955e-05	26.424661867403024
1.3428406406872572e-05	26.206952866929907
1.365606283998538e-05	25.98792712133892
1.3887578811599428e-05	25.767542434815482
1.4123019753810072e-05	25.54575606252601
1.4362452208005724e-05	25.32252469991795
1.4605943843673997e-05	25.097804471849823
1.4853563477526813e-05	24.886972219223047
1.5105381092949725e-05	24.690374506946693
1.5361467859780866e-05	24.4926822933433
1.5621896154425324e-05	24.293858285928735
1.5886739580310524e-05	24.093864716822672
1.6156072988688328e-05	23.892663333376287
1.6429972499789846e-05	23.69021538865204
1.6708515524338865e-05	23.486481631752834
1.6991780785430004e-05	23.281422297998187
1.7279848340777897e-05	23.07499709894457
1.7572799605343317e-05	22.88120680849927
1.787071737434314e-05	22.700366637946573
1.817368584665031e-05	22.518518641287418
1.8481790648590444e-05	22.33562850605956
1.8795118858141955e-05	22.151661482281725
1.911375902954649e-05	21.96658237382934
1.943780121833644e-05	21.78035552967388
1.976733700678692e-05	21.59294483498402
2.010245952979909e-05	21.40431370208574
2.0443263501222395e-05	21.214425061278945
2.0789845240623102e-05	21.036157674139933
2.1142302700506447e-05	20.869801480979635
2.150073549400046e-05	20.70251709515074
2.1865244923009176e-05	20.534272943047057
2.2235934006842876e-05	20.365037048351258
2.2612907511333957e-05	20.194777024097974
2.2996271978446405e-05	20.023460064611694
2.3386135756387007e-05	19.851052937316894
2.378260903022729e-05	19.6775219744188
2.4185803853044587e-05	19.502833064451945
2.4595834177590902e-05	19.338985944491036
2.5012815888498808e-05	19.186251193625665
2.5436866835033212e-05	19.03266663708973
2.58681068643985e-05	18.878203307035772
2.6306657855610375e-05	18.722831866394007
2.6752643753941705e-05	18.56652260159248
2.720619060595257e-05	18.409245415162538
2.7667426595114205e-05	18.250969818227322
2.8136482078036625e-05	18.09166492287125
2.8613489621310677e-05	17.931299434388563
2.9098584038974685e-05	17.78071443606519
2.9591902430616117e-05	17.640153903851218
3.009358422011933e-05	17.498809715684548
3.060377119507013e-05	17.35665519907455
3.112260754682844e-05	17.21366334139618
3.165023991128045e-05	17.069806783185715
3.21868174102813e-05	16.925057811330515
3.273249169380069e-05	16.779388352151194
3.328741698278297e-05	16.632769964374333
3.385175011273356e-05	16.485173831993468
3.4425650578044646e-05	16.34664144533371
3.500928057707227e-05	16.217398956087465
3.5602805057977356e-05	16.087435752097015
3.620639176534429e-05	15.95672730719343
3.682021128758963e-05	15.825248782426906
3.74444371051745e-05	15.692975019901779
3.807924563963456e-05	15.559880536514276
3.872481630344087e-05	15.425939517591127
3.938133155070636e-05	15.291125810427552
4.0048976928751986e-05	15.155412917722721
4.0727941130546655e-05	15.028059581165573
4.1418416048036695e-05	14.909274396093366
4.2120596826379276e-05	14.789827240078502
4.283468191909501e-05	14.669695575103415
4.356087314415589e-05	14.548856575770012
4.4299375741024114e-05	14.427287123634846
4.505039842865766e-05	14.304963801454779
4.581415346449944e-05	14.1818628873418
4.659085670446638e-05	14.057960348825207
4.738072766395563e-05	13.933231836819601
4.818398957988521e-05	13.816177115138029
4.9000869473785896e-05	13.706987655866945
4.983159821596325e-05	13.597189919764995
5.06764105907474e-05	13.486763191361506
5.153554536284851e-05	13.37568649106759
5.240924534483774e-05	13.26393856996962
5.329775746577216e-05	13.15149790454054
5.420133284098267e-05	13.03834269126743
5.5120226843045515e-05	12.924450841194128
5.605469917395691e-05	12.809799974377226
5.70050139385311e-05	12.702155724284319
5.797143971904293e-05	12.601692891430208
5.895424965113561e-05	12.500669528175862
5.9953721501015705e-05	12.399066567218163
6.097013774395682e-05	12.296864698057531
6.20037856441337e-05	12.19404436220472
6.305495733581034e-05	12.090585748312098
6.412394990590445e-05	11.986468787227937
6.521106547795113e-05	11.881673146972275
6.631661129749061e-05	11.776178227633165
6.74408998189035e-05	11.677180165696715
6.858424879371796e-05	11.584841081337759
6.974698136041389e-05	11.491987070304457
7.092942613574999e-05	11.398600609518477
7.213191730763902e-05	11.304663952430426
7.335479472959735e-05	11.210159124615222
7.459840401679581e-05	11.115067919297822
7.586309664373918e-05	11.01937189280834
7.714923004360164e-05	10.923052359965174
7.845716770924578e-05	10.826090389384758
7.978727929595481e-05	10.73513749326506
8.113994072590647e-05	10.65034363169919
8.251553429441738e-05	10.565078066072388
8.391444877798925e-05	10.479324714997755
8.533707954418694e-05	10.393067292124835
8.678382866337875e-05	10.306289302098442
8.825510502237144e-05	10.218974036453593
8.975132443997161e-05	10.131104569445629
9.127290978450629e-05	10.042663753814255
9.28202910933363e-05	9.953634216480483
9.439390569439473e-05	9.870010420791365
9.599419832978691e-05	9.791927201639254
9.762162128148563e-05	9.713408180188821
9.927663449915664e-05	9.634438535477916
0.00010095970573015196	9.555003257493738
0.000102671310651707	9.47508714344701
0.00010441193300537818	9.394674793987363
0.00010618206473376047	9.313750609358923
0.00010798220611952227	9.232298785494955
0.0001098128659267977	9.150303310050559
0.00011167456154497583	9.073345141168884
0.00011356781913492733	9.001549974864842
0.00011549317377771094	8.929354021314722
0.00011745116962580011	8.8567436524025
0.000119442360056874	8.783705066168492
0.00012146730783021559	8.710224283383306
0.00012352658524576125	8.636287144067811
0.00012562077430584671	8.561879303957992
0.00012775046687969532	8.486986230913857
0.00012991626487069465	8.411593201271394
0.00013211878038650918	8.340839479927487
0.00013435863591207715	8.27484083637284
0.0001366364644855399	8.208473859038675
0.00013895290987715406	8.141726020917964
0.00014130862677123667	8.074584635216128
0.0001437042809511953	8.00703685220189
0.00014614054948769456	7.93906965600852
0.000148618120930013	7.870669861384384
0.000151137695500644	7.8018241103921415
0.00015369998529319567	7.732518869055488
0.00015630571447364634	7.667514009568965
0.0001589556194850114	7.606916857923676
0.00016165044925548012	7.5459824350648015
0.0001643909654100813	7.484699247098954
0.00016717794248593707	7.423055653620311
0.00017001216815116626	7.361039864822076
0.00017289444342749832	7.298639938562299
0.00017582558291666232	7.23584377738337
0.00017880641503061295	7.172639125484272
0.00018183778222566024	7.109013565644839
0.0001849205412405683	7.049232864158695
0.00018805556333869087	6.993392917605458
0.00019124373455421158	6.937240717993217
0.00019448595594255894	6.880765661235025
0.00019778314383506694	6.823957007918934
0.0002011362300979524	6.766803880641667
0.00020454616239568355	6.709295261300303
0.0002080139044588133	6.651419988341052
0.00021154043635635282	6.593166753964516
0.00021512675477276336	6.534524101286556
0.00021877387328964368	6.4794942568065625
0.00022248282267219304	6.428167385690039
0.00022625465116053078	6.376553625961714
0.00023009042476595482	6.3246432316698185
0.0002339912275722221	6.272426332502254
0.00023795816204193806	6.219892931336218
0.00024199234932813907	6.167032901749118
0.0002460949295911579	6.113835985490166
0.000250267062320861	6.060291789911883
0.0002545099266643491	6.006389785360869
0.00025882472175921256	5.955833664241955
0.0002632126670724374	5.908706938864094
0.0002676750027450568	5.8613175076320045
0.000272212989942645	5.813656428180029
0.0002768279112117538	5.765714644111016
0.00028152107084239176	5.717482982748617
0.0002862937952366485	5.668952152854093
0.0002911474332835686	5.620112742307067
0.00029608335674038034	5.57095521574949
0.0003011029606201888	5.521469912192284
0.0003062076635862394	5.474996585349
0.0003113989083528686	5.431610375246474
0.0003166781620932493	5.387981640849041
0.0003220469168540502	5.344102143810664
0.0003275066899771249	5.299963540660264
0.0003330590245283501	5.255557380730358
0.00033870548973373356	5.2108751040530255
0.0003444476814229158	5.165908039222564
0.0003502872224801914	5.120647401224335
0.0003562257633031753	5.075084289229115
0.0003622649822692456	5.032333147961816
0.0003684065862098948	4.992464156674803
0.00037465231089312185	4.952372522468123
0.0003810039215140027	4.91205067675174
0.0003874632131935779	4.871490954380343
0.0003940320114861983	4.830685591750608
0.0004007121728954702	4.789626724868384
0.0004075055853989504	4.748306387385359
0.0004144141689817342	4.706716508604593
0.00042143987617909023	4.664848911454436
0.00042858469262829513	4.625585497405621
0.0004358506376298232	4.58899126497889
0.00044323976471805033	4.5521933649407345
0.00045075416224163326	4.515184856273811
0.0004583959539537282	4.477958709484668
0.00046616729961221495	4.440507804859356
0.0004740703955900987	4.402824930691571
0.00048210747549625794	4.364902781482722
0.0004902808108067176	4.326733956113561
0.0004985927115066238	4.288310955986766
0.0005070455267431023	4.252316197732524
0.0005156416454891852	4.2188102933990494
0.0005243834972189932	4.185119482234265
0.0005332735525943647	4.151237422496584
0.0005423143241631259	4.117157691774115
0.0005515083670691978	4.082873785392353
0.0005608582797747427	4.048379114796731
0.0005703667047945538	4.013667005909641
0.0005800363294428943	3.9787306974614256
0.0005898698865929987	3.943563339294924
0.0005998701554494499	3.9105515931451382
0.0006100399623336496	3.879749209972306
0.0006203821814826074	3.84877686556458
0.0006308997358612702	3.8176287301040834
0.0006415955979886241	3.786298899617336
0.0006524727907778005	3.754781394511489
0.0006635343883904261	3.7230701580874728
0.0006747835171054565	3.6911590550296647
0.0006862233562027389	3.659041869871636
0.0006978571388615554	3.62671230543759
0.0007096881530743971	3.5963681079992935
0.000721719742576234	3.5680587846518868
0.0007339553077895347	3.539593367856674
0.0007463983067853096	3.5109665006029482
0.000759052256260447	3.482172757750403
0.0007719207325316177	3.453206644684178
0.0007850073725460303	3.424062595948716
0.0007983158749093201	3.394734973860005
0.0008118500009308684	3.365218067095887
0.0008256135756868389	3.3355060892639914
0.0008396104891012391	3.3076115037862897
0.0008538446970453072	3.281579623918467
0.0008683202224555398	3.25540415242375
0.0008830411564706713	3.229080162777283
0.0008980116595879309	3.202602665793528
0.0009132359628389011	3.1759666083893614
0.0009287183689853098	3.1491668723276334
0.0009444632537350985	3.1221982729409046
0.0009604750669791034	3.095055557834953
0.000976758334048704	3.0677334055717553
0.0009933176569947924	3.042023083908938
0.0010101577158884273	3.0179647543684
0.0010272832701435355	2.9937722878917272
0.0010446991598620384	2.9694411191622145
0.0010624103072017859	2.9449666246443997
0.0010804217177676776	2.9203441214365147
0.0010987384820263695	2.895568866104854
0.0011173657767449654	2.8706360534996844
0.0011363088664540976	2.845540815552428
0.001155573104935813	2.820278220053749
0.0011751639367366833	2.796561800755143
0.001195086898706568	2.774430134486271
0.0012153476215634612	2.7521749262594044
0.0012359518314848752	2.7297919750994684
0.0012569053517261955	2.7072770264432453
0.0012782141042664767	2.684625771083285
0.0012998841114821393	2.6618338440951517
0.0013219214978490406	2.6388968237476935
0.0013443324916734025	2.6158102303960793
0.0013671234268520828	2.5925695253572414
0.0013903007446626919	2.5707623106020963
0.0014138709955840512	2.5504243589017666
0.0014378408411475259	2.529972985460967
0.001462217055819732	2.509404330705156
0.001487006528917169	2.488714485838001
0.0015122162665533096	2.467899491871207
0.0015378533936186989	2.446955338639034
0.0015639251557946247	2.425877963797252
0.0015904389216009206	2.404663251806212
0.0016174021844784967	2.3833070328978145
0.001644822564907166	2.3632773004588175
0.0016727078125593794	2.3446071591956033
0.0017010658084904745	2.3258332176408554
0.0017299045673660539	2.306951935473091
0.0017592322397271272	2.287959727254511
0.0017890571142936541	2.2688529615413664
0.00181938762030714	2.2496279599803093
0.0018502323299129445	2.230280996390431
0.0018815999605829837	2.210808295830792
0.0019134993775794988	2.1912060336531396
0.0019459395964605988	2.1727927544002776
0.0019789297856282768	2.155598113158829
0.0020124792689196255	2.1383075366243505
0.002046597528241984	2.120917761362848
0.0020812942062527554	2.103425482316609
0.0021165791090846623	2.0858273519838546
0.0021524622091171927	2.0681199795854273
0.0021889536477950485	2.050299930218321
0.002226063738494361	2.032363723995787
0.002263802969437506	2.0143078351738155
0.0023021820066573316	1.9973697368860552
0.002341211697011642	1.9815773246004456
0.002380903071248787	1.965696982443859
0.0024212673471252157	1.9497257146774152
0.0024623159325758994	1.9336604873721583
0.002504060428938488	1.9174982276561496
0.002546512634232132	1.9012358229496964
0.002589684546491897	1.8848701201884759
0.0026335883671596977	1.8683979250343692
0.0026782365045327286	1.8518160010737683
0.002723641577270352	1.8362588190259577
0.0027698164179604406	1.8217519483434044
0.002816774076746179	1.8071644461172145
0.002864527825014361	1.7924935616760131
0.002913091159146204	1.7777365092974216
0.00296247780433176	1.7628904675168862
0.0030127017184489882	1.7479525784255898
0.003063777096008598	1.7329199469572665
0.0031157183721657643	1.7177896401637331
0.003168540226799852	1.7025586864789153
0.0032222575886633196	1.6882739686711472
0.0032768856396009427	1.6749590970984507
0.003332439818840581	1.6615704751172167
0.0033889358273566797	1.648105580268568
0.0034463896323077533	1.6345618579778438
0.003504817471549092	1.620936720920995
0.0035642358582219833	1.607227548380986
0.0036246615854207296	1.5934316855940323
0.0036861117309387823	1.579546443085477
0.0037486036620953556	1.5655690959951472
0.003812155040643852	1.552393513512056
0.0038767838277635053	1.5400396673175134
0.0039425082891356555	1.5276161105194537
0.004009347000106073	1.5151204917078969
0.004077318850934814	1.5025504293984577
0.004146443052135065	1.4899035114405323
0.004216739139902512	1.4771772944161499
0.004288226981636735	1.4643693030293021
0.0043609267815562435	1.4514770294856025
0.0044348590864086695	1.4384979328620935
0.004510044791277788	1.4263403997336517
0.004586505145488975	1.4150249542994313
0.004664261758614799	1.4036461376637148
0.004743336606582408	1.3922018001828032
0.004823752037884462	1.3806897647699365
0.004905530779895379	1.3691078263547103
0.004988695945294638	1.3574537513339429
0.0050732710385989945	1.3457252770138755
0.00515927996280543	1.3339201110435206
0.005246747026146728	1.3220359308390288
0.005335696948961579	1.3109305562225195
0.005426154870681148	1.3006234459591859
0.005518146356934106	1.2902597023704154
0.005611697406772088	1.2798373767323747
0.005706834460017679	1.269354495558808
0.005803584404736951	1.2588090601119597
0.005901974584838687	1.2481990459057977
0.006002032807802441	1.2375224022013818
0.006103787352537622	1.2267770514942469
0.006207266977375798	1.215960888993668
0.0063125009281985115	1.2057855668073707
0.006419518946702887	1.196267050107562
0.006528351278807347	1.1866957475706874
0.006639028683199877	1.1770698554020282
0.006751582440031165	1.1673875468343415
0.006866044359755151	1.15764697167472
0.006982446792119436	1.1478462558443001
0.007100822635308117	1.1379835009106956
0.007221205345239623	1.1280567836130309
0.007343628945022168	1.1180641553794377
0.007468128034569535	1.1086637191842814
0.007594737800379845	1.0998702366201385
0.007723494025480133	1.0910275058148164
0.007854433099539503	1.0821338562234402
0.007987592029153752	1.073187595974296
0.008123008448304332	1.0641870114487229
0.008260720628994637	1.0551303668543714
0.008400767492066627	1.0460159037917176
0.008543188618200779	1.0368418408137032
0.008688024259102596	1.027606372978396
0.008835315348878707	1.0190642060817698
0.008985103515605851	1.0112326985620794
0.009137431093096001	1.0033602031026072
0.009292341132860928	0.9954452565664643
0.00944987741627962	0.9874863774422864
0.00961008446697198	0.9794820654788924
0.009773007563382282	0.9714308013142112
0.009938692751575978	0.9633310460983548
0.010107186858253434	0.9562056240283404
0.010278537503984326	0.9495767274914466
0.010452793116666375	0.943493176457208
0.01063000294521226	0.9379697682660465
0.010810217073468546	0.9324282552550124
0.010993486434370621	0.9274042641372987
0.011179862824337635	0.9222950995549769
0.011369398917911373	0.9170993175327475
0.0115621482826434	0.9118154496150986
0.01175816539423459	0.9069163746057849
0.01195750565193128	0.902267424984359
0.01216022539418243	0.8975396601069396
0.012366381914562269	0.892811917273493
0.012576033477962906	0.8881490027966713
0.012789239337061348	0.8842915521159218
0.013006059749065789	0.8803687047353496
0.013226555992745814	0.8763793519620112
0.013450790385751248	0.8723223663069085
0.013678826302224625	0.8688106230496357
0.013910728190712313	0.8657525288009305
0.01414656159237927	0.8626425896193507
0.014386393159532572	0.8594799265597599
0.014630290674458951	0.8570211411204165
0.01487832306858176	0.856598095815056
0.01513056044194274	0.8561678784758481
0.01538707408301392	0.8557303675128148
0.01564793648884552	0.8552854392746206
0.015913221385555443	0.8557238753512394
0.016183003749166057	0.8570533088087556
0.01645735982679421	0.858405280612955
0.016736367158200583	0.8597801728642492
0.01702010459770437	0.8611783741409301
0.01730865233646935	0.8652278519375883
0.01760209192516793	0.8698449856149134
0.017900506297029384	0.8745403951614926
0.018203979791278812	0.8793154076152956
0.01851259817697342	1.4908536092359355
0.018826448677242997	2.826559409967694
0.019145619993941376	4.184909894593202
0.019470202332715632	5.5662889662957795
0.01980028742850048	6.971087036702443
0.020135968571444854	5.79476696438958
0.02047734063327794	4.432331313136209
0.020824500094122237	3.04768981808201
0.021177545069761234	1.6395740153284857
0.021536575339369382	0.8015561864820258
0.021901692373712103	0.7802921640078687
0.022272999363823855	0.7586676451826614
0.022650601250172524	0.7366765183866791
0.023034604752318222	0.7143125683877957
0.023425118399074712	0.7004137451153316
0.023822252559182414	0.6872971511202725
0.024226119472501327	0.6740314685601492
0.02463683328173276	0.6606147884582917
0.02505451006467877	0.6489065407983631
0.02547926786704869	0.6402363062863099
0.025911226735821788	0.631419082280236
0.026350508753175343	0.6224523768162469
0.026797238070988147	0.6133336556833203
0.027251540945928937	0.6064768704582099
0.027713545775139542	0.59991737096887
0.028183383132523047	0.5932466660087167
0.02866118580564722	0.5864436872347191
0.02914708883327361	0.5802323130027718
0.029641229543522683	0.5753786937988258
0.030143747592686156	0.5704427895044393
0.030654785004697392	0.5654232051119229
0.031174486211270773	0.5603185219635398
0.03170299809272158	0.5555731431770027
0.032240470019478044	0.5508512182737529
0.03278705389429716	0.5460492409392378
0.03334290419519608	0.5411658540168132
0.03390817801911129	0.5363702084652309
0.03448303512629816	0.5317523048432308
0.03506763798548322	0.5270561122988385
0.03566215181978157	0.5222803035727884
0.03626674465339311	0.5174235289043275
0.03688158735909036	0.5126488797590671
0.03750685370651129	0.5078429251452744
0.03814272041127069	0.5029554935153766
0.038789367184904555	0.4979852035612489
0.03944697678566097	0.49297966954248357
0.04011573507015191	0.48884234686357747
0.040795831045880984	0.48544509858000007
0.04148745692466166	0.4819902555675169
0.042190808176941	0.4784768414027056
0.04290608358704426	0.4750458057699224
0.04363348530935635	0.471610354532871
0.044373218925455746	0.46811666089898873
0.04512549350221661	0.4645637374647133
0.04589052165089637	0.4609871415876036
0.046668519587224955	0.45749230364249655
0.04745970719251261	0.4541200564890085
0.048264308075793586	0.4508740133713985
0.049082549637023715	0.44757293895852523
0.04991466313134927	0.44434021647173
0.05076088373446526	0.44111051036075266
0.05162145060908174	0.43782604992145446
0.05249660697251718	0.4344859068847088
0.053386600165437795	0.43111708942858673
0.05429168172176177	0.42783586848915317
0.055212107439749095	0.4244990198726373
0.05614813745429652	0.4214226729150084
0.057100036310457944	0.41861392041466594
0.05806807303821126	0.41586869622461525
0.059052521228492916	0.4131395107091746
0.060053659110521615	0.4103640563647366
0.06107176963043235	0.40754154877978926
0.06210714053124414	0.4046896535077572
0.06316006443418334	0.40192544390218626
0.06423083892138551	0.3991143716920658
0.06531976661999925	0.3962556423994005
0.06642715528771626	0.3935739746548078
0.0675533178997513	0.39116987734308756
0.06869857273729645	0.3887895448809601
0.06986324347747515	0.3863688578166907
0.07104765928482162	0.3839071320047069
0.07225215490431065	0.38141422974277756
0.07347707075596457	0.379005357569614
0.07472275303106449	0.37655564695068444
0.0759895537899926	0.3740644055376485
0.07727783106173274	0.3715309292445434
0.07858794894505827	0.3692550490493365
0.07992027771143562	0.36722752633408307
0.08127519390967182	0.3651656303227423
0.08265308047233633	0.36306877827289846
0.0840543268239873	0.3609410661613852
0.08547932899123273	0.35890722602557074
0.08692848971465711	0.3568389054922457
0.08840221856264566	0.3547355200032674
0.08990093204713845	0.3525964750902759
0.09142505374134735	0.3504865995916131
0.09297501439946756	0.3486206277476094
0.09455125207841958	0.34694208413133504
0.0961542122616551	0.34523508358272453
0.09778434798506135	0.34349914366153
0.09944211996499988	0.34186061360292275
0.10112799672851666	0.34019527579237174
0.10284245474575948	0.338501704932091
0.10458597856463961	0.33677942237739233
0.10635906094777714	0.3350854798173786
0.10816220301176807	0.3334279504040319
0.1099959143688119	0.33186281393567885
0.11186071327074038	0.3303926538743362
0.11375712675548838	0.32889756967936734
0.1156856907960481	0.32749231702045956
0.11764695045194742	0.3260693762229829
0.11964146002329763	0.3246223118164442
0.12166978320745231	0.3231507148249288
0.12373249325832185	0.3217010609731293
0.12583017314838887	0.32028989793626056
0.12796341573347078	0.31885481096279183
0.1301328239202756	0.31742409041628866
0.13233901083679792	0.31599805254624486
0.13458260000560376	0.31464352276212004
0.13686422552005356	0.3132759014338831
0.13918453222351285	0.31188509434674083
0.14154417589160012	0.31047070842447744
0.14394382341752546	0.3090712795446508
0.14638415300057117	0.3077106187304704
0.14886585433776733	0.30632689016139425
0.15138962881881685	0.30491970276176994
0.1539561897243255	0.30370093664836895
0.1565662624273933	0.30276248162658387
0.15922058459862143	0.3018218477369153
0.16191990641459691	0.3008652669545403
0.16466499076991092	0.29989246892625376
0.16745661349277144	0.2989350610367634
0.17029556356427086	0.2980229464131722
0.17318264334137182	0.29709536839388767
0.17611866878367344	0.29615206482259765
0.17910446968402055	0.2951927690985625
0.18214088990302393	0.29422930717121265
0.1852287876075565	0.2932006134683883
0.18836903551329195	0.29215447996429106
0.1915625211313552	0.29109061099591843
0.19481014701915514	0.2900388950498504
0.19811283103547012	0.2890401899560069
0.20147150659985671	0.28802455346818345
0.20488712295645675	0.2869916985425834
0.20836064544227734	0.2859413332690565
0.21189305576001943	0.2849363438864935
0.21548535225552995	0.28384816468664814
0.2191385501999592	0.28265662558068566
0.22285368207670214	0.2814448858988278
0.22663179787320292	0.280236462388324
0.23047396537770667	0.27907677290745414
0.23438127048104318	0.2778974228084337
0.23835481748352697	0.27669807877798186
0.24239572940705814	0.27547840185204164
0.2465051483125168	0.27432003880955985
0.25068423562253794	0.2731716018066062
0.2549341724497574	0.2720251565605544
0.2592561599306229	0.2708809179968131
0.263651419564865	0.2697335967612581
0.26812119356072395	0.2686267954411424
0.2726667451860265	0.26750123013421634
0.2772893591252171	0.266356582728101
0.281990341842442	0.26519252971734764
0.2867710219507872	0.26408202890241095
0.29163275058777705	0.2629852917847855
0.29657690179723906	0.26186996130226636
0.301604872917643	0.2608858729804188
0.3067180849770227	0.2600758471779682
0.3119179830945925	0.259442139223917
0.3172060368891745	0.25879768779904105
0.3225837408945492	0.2581423107655519
0.32805261498184624	0.2574758228978157
0.33361420478909765	0.2569757053544751
0.33927008215807397	0.2565630208870622
0.34502184557852467	0.2561433400366829
0.3508711206399501	0.255716544191229
0.3568195604910331	0.2554836230731085
0.36286884630686106	0.25628391430332886
0.3690206877640648	0.2570977731484548
0.37527682352401626	0.25792542962496934
0.3816390217242176	0.2587671176489049
0.38810908047801956	0.2624208496532658
0.3946888283828117	0.26795031440029854
0.4013801250368295	0.2735735220817644
0.4081848615647239	0.27929206195415585
0.4151049611520369	0.2844156793453027
0.42214237958874223	0.2824123813186728
0.4292991058220006	0.2804501249526333
0.43657716251828405	0.2784546017735701
0.4439786066350301	0.27642524779765926
0.4515055300019897	0.27189750137553903
0.45916005991243	0.2653880742954722
0.4669443597243591	0.2587682906395203
0.4748606294719433	0.25203627949436147
0.4829111064872912	0.24540278540834637
0.49109806603278056	0.24323689599882678
0.49942382194410007	0.2410735908040415
0.5078907272841978	0.23891324539601735
0.5165011750083155	0.23671627490270924
0.5252575986402952	0.2348987580665528
0.5341624729603521	0.23343306180595322
0.5432183147045091	0.2319425170880901
0.5524276832758899	0.23042670264844614
0.5617931814680651	0.22888572879562172
0.5713174562006686	0.22757862636683446
0.581003199267482	0.22624936417704233
0.5908531480972009	0.22493622233637506
0.6008700865270983	0.22363980043409837
0.6110568455898062	0.22234404493101004
0.6214163043134371	0.2210509856795127
0.6319513905352644	0.21973600474586788
0.6426650817292021	0.21839873048419184
0.6535604058473143	0.21703878494795903
0.664640442175587	0.2157087204038309
0.6759083222042086	0.2143583633689448
0.687367230512607	0.21298511326270833
0.6990204056694916	0.21161864045916684
0.7108711411481512	0.21027312729121894
0.722922786257268	0.208922668373938
0.7351787470875167	0.20754931465805918
0.7476424874742114	0.20615267800011827
0.7603175299762654	0.20473236367631978
0.7732074568717561	0.2033027840500435
0.786315911170365	0.20185032393217345
0.7996465976429815	0.2003732397539604
0.8132032838687591	0.19887111405516553
0.8269898012999282	0.19736984703509614
0.8410100463446608	0.1958733619266185
0.855267981468286	0.19435150638685658
0.8697676363131823	0.19280385030208588
0.8845131088376559	0.19122995626671505
0.8995085664741215	0.1897252441080734
0.9147582473069199	0.188208938711448
0.9302664612701064	0.18666692686331604
0.9460375913655462	0.1850987727532861
0.9620760949016535	0.18382717410700913
0.9783865047531382	0.18313718734337392
0.9949734306421101	0.18244102230967557
1.0118415604408977	0.18173305494861056
1.0289956614969529	0.1810130851712277
1.0464405819802236	0.18077909385658475
1.064181252253368	0.1806429292535024
1.0822226862651902	0.18050445620465855
1.1005699829677078	0.18036363557417123
1.1192283277572432	0.18036786479897465
1.1382029939399423	0.18070280016976803
1.157499344222137	0.1810429727575769
1.1771228322259815	0.18138846762776267
1.1970790040307793	0.18173981979236012
1.2173734997404417	0.18217193294504894
1.2380120550775158	0.18263156039090225
1.259000503004244	0.18309898006032357
1.280344775371104	0.18357432405758262
1.3020509045932895	0.18379242692837064
1.324125025355623	0.1832818200948297
1.346573376346368	0.1827625567664729
1.3694023020204367	0.18222859078367837
1.3926182543924834	0.1816796230901001
1.4162277948604052	0.1814597151331185
1.4402375960597587	0.18135211551831054
1.4646544437496023	0.18124269172989857
1.489485238730322	0.18113141284203454
1.51473699879397	0.18109735427193838
1.5404168607076627	0.18133763695471578
1.566532082230602	0.18158199323318597
1.5930900441653	0.1818304921684302
1.6200982524435794	0.18207089423433212
1.6475643402479245	0.18307634670294953
1.6754960701688117	0.18442740574767305
1.703901336398609	0.1858013697651632
1.7327881669626681	0.18719862707137042
1.7621647259882356	0.18818053019875414
1.7920393160118402	0.18719274376173842
1.8224203803257968	0.18618821103852073
1.853316505364485	0.18516664812350042
1.8847364231310813	0.18412776629792685
1.916689013665442	0.1835091298135624
1.949183307553826	0.18309828266835462
1.9822284884811492	0.1826804702889412
2.015833895826523	0.1822555745912898
2.0500090273027984	0.18189914632495882
2.0847635416408483	0.18200688715456226
2.1201072613193555	0.18211645455183315
2.1560501753408943	0.18222787948320693
2.19260244205507	0.18234119344010374
2.2297743920295074	0.18283354225911444
2.2675765309695297	0.18355127751898748
2.306019542687331	0.18426330738420374
2.3451142921214814	0.1849874085387801
2.3848718284076194	0.1857567838955421
2.425303388001213	0.18684903501577227
2.466420397853267	0.1879598034482254
2.5082344786398427	0.18908940312332082
2.5507574480463564	0.19023815329364893
2.594001324107549	0.18980460961859752
2.6379783286040754	0.1881730581036481
2.6827008905166734	0.18649788845908677
2.7281816495389037	0.18477822651048487
2.7744334596494413	0.1831084711287263
2.821469392744924	0.1827977652742469
2.8693027423343835	0.18248179191560987
2.9179470272963197	0.18216046175098963
2.967415995699482	0.18183368396459554
3.0177236286883886	0.18167989735517706
3.0688841444347537	0.18168123268995973
3.1209120021558947	0.1816825906631363
3.173821906201257	0.1816721317226761
3.227628810208219	0.1816506108857791
3.2823479213283613	0.18171859570141194
3.3379947045253915	0.18178773308721308
3.3945848869459034	0.18185804258310456
3.452134462364263	0.18192954406027534
3.5106596957028504	0.18189546952725952
3.5701771276289174	0.18174890344138864
3.6307035792293805	0.18159985256980948
3.6922561567648793	0.1814482747870878
3.7548522565044355	0.18128780128081817
3.8185095696420452	0.1811416079090505
3.883246087296655	0.1809936888096001
3.9490801055968987	0.18084326198633272
4.0160302308520315	0.18069028492493647
4.084115384810512	0.18059967228718646
4.15335481000777	0.18058832141878386
4.223768075204623	0.18057677811517078
4.295375080917878	0.18056503911392632
4.368196065044701	0.18055310109732067
4.442251608582351	0.18150279217439516
4.517562641444888	0.18310671320917132
4.594150448378453	0.18473782607376762
4.672036674976876	0.18639659176071008
4.751243333799254	0.18790268237609697
4.83179281059124	0.18916655788888667
4.913707870611789	0.19045186032177566
4.997011665067193	0.1917589529327751
5.081727737654187	0.19308820513833472
5.167880031213956	0.19425798216886603
5.255492894498976	0.19845652032517375
5.34459108905458	0.20578490693904528
5.4351997962171765	0.21323753423393466
5.527344624231095	0.2207810809309113
5.621051615486111	0.2283896743432581
5.716347253877695	0.2361272588797014
5.813258472291963	0.24399602137152543
5.911812660217597	0.251998185724123
6.012037671486796	0.2603933318378665
6.1139618321474405	0.26897981313128694
6.217613948468717	0.28008855778238445
6.323023315082487	0.2937823883824726
6.430219723262686	0.3076817143928897
6.53923346934505	0.32175949897176936
6.650095363289597	0.33607594911722855
6.762836737388284	0.3506351110094301
6.877489455120308	0.3654410994248273
6.994085920157464	0.3806164531422782
7.112659085522235	0.3960791994892203
7.233242462901145	0.4118040911401388
7.355870132115967	0.4272515624817118
7.480576750755502	0.44241083823146177
7.607397563970681	0.4578232220327223
7.736368414435725	0.47349689732424777
7.867525752478134	0.4894362938713358
8.000906646380447	0.5056459165386299
8.13654879285668	0.5219508064315511
8.274490527706323	0.5384736361438333
8.414770836648957	0.5552765831212072
8.557429366342594	0.5723643962888626
8.702506435588823	0.5799475338186403
8.850043046727835	0.5779058928719166
9.000080897226729	0.5758296392778285
9.152662391464244	0.5737181862361551
9.307830652715264	0.5715709369984491
9.4656295353385	0.5693550169814411
9.626103637170822	0.5670884449967819
9.789298312131727	0.5647834470308273
9.955259683041426	0.5624393716345835
10.124034654656292	0.5600452343576674
10.295670926925336	0.5523746997601126
10.470217008471352	0.5393383262436223
10.64772223030063	0.5260809425636347
10.828236759745124	0.5125988018581619
11.011811614640994	0.49892532374302156
11.19849867774748	0.4850384788447994
11.388350711410215	0.47091620544665463
11.58142137247319	0.45655451224753923
11.777765227443524	0.4419493787356738
11.977437767913225	0.42709686038654326
12.180495426242514	0.4279702098736182
12.386995591509024	0.4449709015562354
12.596996625727332	0.4622598118637327
12.810557880343474	0.47984182168109607
13.027739713009142	0.49772190219338425
13.248603504640279	0.5159051099145039
13.473211676764754	0.5343965838652054
13.701627709164256	0.5532015063059759
13.933916157815268	0.5723248642478351
14.17014267313414	0.591772427112173
14.410374018531483	0.6344474589134828
14.65467808928117	0.7009370241288486
14.903123931709256	0.7685516387504572
15.155781762708072	0.8373109959131342
15.41272298958129	0.9072360543154444
15.674020230225409	0.9783465764949785
15.939747333653324	1.0506625876924927
16.209979400865834	1.1242035297742732
16.484792806077063	1.1989912369639106
16.764265218299727	1.2750468461028541
17.048475623296255	1.3196422695592938
17.337504345902076	1.331967838180879
17.63143307272744	1.3445024744629515
17.93034487524408	1.357249614783095
18.234324233263173	1.370212861796002
18.543457058811434	1.383395874261842
18.857830720412014	1.3968021527769157
19.177534067776964	1.410435712583274
19.502657456918286	1.4243004068595098
19.833292775684804	1.4384001541084896
