    5.25491            0 
           5.4   5.82775e-8 
           5.5    2.6384e-5 
           5.6   0.00176414 
       5.62509   0.00384895 
       5.68409    0.0102498 
           5.7    0.0112146 
       5.70181    0.0114669 
           5.8    0.0168048 
           5.9     0.023291 
             6    0.0300324 
           6.2    0.0457707 
           6.4    0.0562124 
           6.5     0.055807 
       6.51581    0.0563297 
       6.63194    0.0650582 
           6.7    0.0941827 
       6.74443     0.114777 
           6.8     0.126853 
           6.9     0.140789 
             7     0.142239 
         7.155     0.153607 
           7.2     0.156341 
           7.4     0.165333 
           7.6     0.168778 
         7.705     0.169004 
           7.8     0.173268 
             8     0.177571 
           8.2     0.186561 
         8.256     0.189654 
           8.3     0.190949 
           8.4     0.195718 
           8.6     0.204449 
         8.806     0.211241 
             9     0.212432 
           9.2      0.21008 
         9.356      0.20563 
           9.4     0.205725 
           9.6     0.200808 
           9.8     0.196804 
         9.907     0.195338 
            10     0.196368 
          10.1     0.196989 
        10.457      0.20038 
          10.5     0.200057 
          10.6      0.20042 
        11.007     0.199477 
          11.1     0.199719 
          11.2     0.199146 
          11.5     0.198661 
        11.558     0.198319 
          11.6     0.197279 
            12     0.193476 
        12.108     0.193275 
          12.2     0.192015 
        12.658     0.193444 
          12.7     0.194442 
          12.8     0.195393 
            13     0.196256 
        13.209     0.195734 
          13.3     0.194367 
        13.759     0.188862 
          13.8     0.187826 
            14     0.185053 
         14.31     0.181797 
          14.4     0.181875 
          14.5     0.181429 
         14.86     0.180825 
          14.9     0.180271 
         15.41     0.177545 
          15.6     0.175706 
        15.961     0.172439 
            16     0.171697 
        16.511      0.16543 
          16.7     0.162495 
        17.061     0.157471 
          17.1     0.156616 
        17.612     0.149022 
          17.8     0.145876 
        18.162      0.14048 
          18.2     0.140547 
          18.5     0.138104 
        18.713     0.136624 
            19     0.133893 
        19.263     0.131647 
          19.3     0.131107 
        19.813     0.126364 
            20     0.126367 
            21     0.130883 
            22     0.131551 
            23     0.131125 
            24     0.129973 
            25     0.128314 
            27     0.124144 
            34     0.107418 
            37     0.100739 
            40    0.0946135 
            43    0.0890434 
            46    0.0839952 
            49    0.0794193 
            52    0.0752673 
            55    0.0714898 
            59    0.0669646 
            60    0.0659151 