 7.7472            0 
            11    4.5983e-7 
          11.5    6.5995e-6 
          11.6     8.809e-6 
          11.7     1.302e-5 
          11.8    1.2635e-5 
          11.9    1.8398e-5 
            12    2.0144e-5 
          12.2    2.9889e-5 
          12.4    4.5586e-5 
          12.6    6.4799e-5 
          12.8   0.00020195 
            13   0.00034705 
          13.5   0.00086618 
            14    0.0012973 
          14.5    0.0019051 
            15    0.0036999 
          15.5    0.0063522 
            16     0.010077 
          16.5     0.014542 
            17     0.019558 
          17.5     0.025206 
            18     0.031068 
          18.5     0.036673 
            19     0.042711 
          19.5     0.048457 
            20     0.053552 
            20            0 
           150            0 