unit: MeV 
spectrum:
1.000000000000000021e-02 1.000000000000000021e-03
2.500500500500500711e-02 1.000000000000000021e-03
4.001001001001001228e-02 1.000000000000000021e-03
5.501501501501501745e-02 1.000000000000000021e-03
7.002002002002001568e-02 1.000000000000000021e-03
8.502502502502502779e-02 1.000000000000000021e-03
1.000300300300300260e-01 1.000000000000000021e-03
1.150350350350350243e-01 1.000000000000000021e-03
1.300400400400400502e-01 1.000000000000000021e-03
1.450450450450450623e-01 1.000000000000000021e-03
1.600500500500500745e-01 1.000000000000000021e-03
1.750550550550550588e-01 1.000000000000000021e-03
1.900600600600600709e-01 1.000000000000000021e-03
2.050650650650650830e-01 1.000000000000000021e-03
2.200700700700700674e-01 1.000000000000000021e-03
2.350750750750750795e-01 1.000000000000000021e-03
2.500800800800800916e-01 1.000000000000000021e-03
2.650850850850851037e-01 1.000000000000000021e-03
2.800900900900901158e-01 1.000000000000000021e-03
2.950950950950951279e-01 1.000000000000000021e-03
3.101001001001001400e-01 1.000000000000000021e-03
3.251051051051050966e-01 1.000000000000000021e-03
3.401101101101101087e-01 1.000000000000000021e-03
3.551151151151151208e-01 1.000000000000000021e-03
3.701201201201201330e-01 1.000000000000000021e-03
3.851251251251251451e-01 1.000000000000000021e-03
4.001301301301301572e-01 1.000000000000000021e-03
4.151351351351351693e-01 1.000000000000000021e-03
4.301401401401401259e-01 1.000000000000000021e-03
4.451451451451451380e-01 1.000000000000000021e-03
4.601501501501501501e-01 1.000000000000000021e-03
4.751551551551551622e-01 1.000000000000000021e-03
4.901601601601601743e-01 1.000000000000000021e-03
5.051651651651651864e-01 1.000000000000000021e-03
5.201701701701701985e-01 1.000000000000000021e-03
5.351751751751752106e-01 1.000000000000000021e-03
5.501801801801802227e-01 1.000000000000000021e-03
5.651851851851852349e-01 1.000000000000000021e-03
5.801901901901902470e-01 1.000000000000000021e-03
5.951951951951952591e-01 1.000000000000000021e-03
6.102002002002002712e-01 1.000000000000000021e-03
6.252052052052051723e-01 1.000000000000000021e-03
6.402102102102101844e-01 1.000000000000000021e-03
6.552152152152151965e-01 1.000000000000000021e-03
6.702202202202202086e-01 1.000000000000000021e-03
6.852252252252252207e-01 1.000000000000000021e-03
7.002302302302302328e-01 1.000000000000000021e-03
7.152352352352352449e-01 1.000000000000000021e-03
7.302402402402402570e-01 1.000000000000000021e-03
7.452452452452452691e-01 1.000000000000000021e-03
7.602502502502502812e-01 1.000000000000000021e-03
7.752552552552552934e-01 1.000000000000000021e-03
7.902602602602603055e-01 1.000000000000000021e-03
8.052652652652653176e-01 1.000000000000000021e-03
8.202702702702703297e-01 1.000000000000000021e-03
8.352752752752753418e-01 1.000000000000000021e-03
8.502802802802802429e-01 1.000000000000000021e-03
8.652852852852852550e-01 1.000000000000000021e-03
8.802902902902902671e-01 1.000000000000000021e-03
8.952952952952952792e-01 1.000000000000000021e-03
9.103003003003002913e-01 1.000000000000000021e-03
9.253053053053053034e-01 1.000000000000000021e-03
9.403103103103103155e-01 1.000000000000000021e-03
9.553153153153153276e-01 1.000000000000000021e-03
9.703203203203203397e-01 1.000000000000000021e-03
9.853253253253253519e-01 1.000000000000000021e-03
1.000330330330330364e+00 1.000000000000000021e-03
1.015335335335335376e+00 1.000000000000000021e-03
1.030340340340340388e+00 1.000000000000000021e-03
1.045345345345345400e+00 1.000000000000000021e-03
1.060350350350350412e+00 1.000000000000000021e-03
1.075355355355355425e+00 1.000000000000000021e-03
1.090360360360360437e+00 1.000000000000000021e-03
1.105365365365365449e+00 1.000000000000000021e-03
1.120370370370370461e+00 1.000000000000000021e-03
1.135375375375375473e+00 1.000000000000000021e-03
1.150380380380380485e+00 1.000000000000000021e-03
1.165385385385385497e+00 1.000000000000000021e-03
1.180390390390390509e+00 1.000000000000000021e-03
1.195395395395395521e+00 1.000000000000000021e-03
1.210400400400400533e+00 1.000000000000000021e-03
1.225405405405405324e+00 1.000000000000000021e-03
1.240410410410410336e+00 1.000000000000000021e-03
1.255415415415415348e+00 1.000000000000000021e-03
1.270420420420420360e+00 1.000000000000000021e-03
1.285425425425425372e+00 1.000000000000000021e-03
1.300430430430430384e+00 1.000000000000000021e-03
1.315435435435435396e+00 1.000000000000000021e-03
1.330440440440440408e+00 1.000000000000000021e-03
1.345445445445445420e+00 1.000000000000000021e-03
1.360450450450450433e+00 1.000000000000000021e-03
1.375455455455455445e+00 1.000000000000000021e-03
1.390460460460460457e+00 1.000000000000000021e-03
1.405465465465465469e+00 1.000000000000000021e-03
1.420470470470470481e+00 1.000000000000000021e-03
1.435475475475475493e+00 1.000000000000000021e-03
1.450480480480480505e+00 1.000000000000000021e-03
1.465485485485485517e+00 1.000000000000000021e-03
1.480490490490490529e+00 1.000000000000000021e-03
1.495495495495495542e+00 1.000000000000000021e-03
1.510500500500500554e+00 1.000000000000000021e-03
1.525505505505505566e+00 1.000000000000000021e-03
1.540510510510510578e+00 1.000000000000000021e-03
1.555515515515515590e+00 1.000000000000000021e-03
1.570520520520520602e+00 1.000000000000000021e-03
1.585525525525525614e+00 1.000000000000000021e-03
1.600530530530530626e+00 1.000000000000000021e-03
1.615535535535535638e+00 1.000000000000000021e-03
1.630540540540540650e+00 1.000000000000000021e-03
1.645545545545545663e+00 1.000000000000000021e-03
1.660550550550550675e+00 1.000000000000000021e-03
1.675555555555555687e+00 1.000000000000000021e-03
1.690560560560560477e+00 1.000000000000000021e-03
1.705565565565565489e+00 1.000000000000000021e-03
1.720570570570570501e+00 1.000000000000000021e-03
1.735575575575575513e+00 1.000000000000000021e-03
1.750580580580580525e+00 1.000000000000000021e-03
1.765585585585585537e+00 1.000000000000000021e-03
1.780590590590590550e+00 1.000000000000000021e-03
1.795595595595595562e+00 1.000000000000000021e-03
1.810600600600600574e+00 1.000000000000000021e-03
1.825605605605605586e+00 1.000000000000000021e-03
1.840610610610610598e+00 1.000000000000000021e-03
1.855615615615615610e+00 1.000000000000000021e-03
1.870620620620620622e+00 1.000000000000000021e-03
1.885625625625625634e+00 1.000000000000000021e-03
1.900630630630630646e+00 1.000000000000000021e-03
1.915635635635635659e+00 1.000000000000000021e-03
1.930640640640640671e+00 1.000000000000000021e-03
1.945645645645645683e+00 1.000000000000000021e-03
1.960650650650650695e+00 1.000000000000000021e-03
1.975655655655655707e+00 1.000000000000000021e-03
1.990660660660660719e+00 1.000000000000000021e-03
2.005665665665665731e+00 1.000000000000000021e-03
2.020670670670670521e+00 1.000000000000000021e-03
2.035675675675675311e+00 1.000000000000000021e-03
2.050680680680680545e+00 1.000000000000000021e-03
2.065685685685685335e+00 1.000000000000000021e-03
2.080690690690690570e+00 1.000000000000000021e-03
2.095695695695695360e+00 1.000000000000000021e-03
2.110700700700700594e+00 1.000000000000000021e-03
2.125705705705705384e+00 1.000000000000000021e-03
2.140710710710710618e+00 1.000000000000000021e-03
2.155715715715715408e+00 1.000000000000000021e-03
2.170720720720720642e+00 1.000000000000000021e-03
2.185725725725725432e+00 1.000000000000000021e-03
2.200730730730730667e+00 1.000000000000000021e-03
2.215735735735735457e+00 1.000000000000000021e-03
2.230740740740740691e+00 1.000000000000000021e-03
2.245745745745745481e+00 1.000000000000000021e-03
2.260750750750750715e+00 1.000000000000000021e-03
2.275755755755755505e+00 1.000000000000000021e-03
2.290760760760760739e+00 1.000000000000000021e-03
2.305765765765765529e+00 1.000000000000000021e-03
2.320770770770770763e+00 1.000000000000000021e-03
2.335775775775775553e+00 1.000000000000000021e-03
2.350780780780780788e+00 1.000000000000000021e-03
2.365785785785785578e+00 1.000000000000000021e-03
2.380790790790790812e+00 1.000000000000000021e-03
2.395795795795795602e+00 1.000000000000000021e-03
2.410800800800800836e+00 1.000000000000000021e-03
2.425805805805805626e+00 1.000000000000000021e-03
2.440810810810810416e+00 1.000000000000000021e-03
2.455815815815815650e+00 1.000000000000000021e-03
2.470820820820820440e+00 1.000000000000000021e-03
2.485825825825825675e+00 1.000000000000000021e-03
2.500830830830830465e+00 1.000000000000000021e-03
2.515835835835835699e+00 1.000000000000000021e-03
2.530840840840840489e+00 1.000000000000000021e-03
2.545845845845845723e+00 1.000000000000000021e-03
2.560850850850850513e+00 1.000000000000000021e-03
2.575855855855855747e+00 1.000000000000000021e-03
2.590860860860860537e+00 1.000000000000000021e-03
2.605865865865865771e+00 1.000000000000000021e-03
2.620870870870870561e+00 1.000000000000000021e-03
2.635875875875875796e+00 1.000000000000000021e-03
2.650880880880880586e+00 1.000000000000000021e-03
2.665885885885885820e+00 1.000000000000000021e-03
2.680890890890890610e+00 1.000000000000000021e-03
2.695895895895895844e+00 1.000000000000000021e-03
2.710900900900900634e+00 1.000000000000000021e-03
2.725905905905905868e+00 1.000000000000000021e-03
2.740910910910910658e+00 1.000000000000000021e-03
2.755915915915915892e+00 1.000000000000000021e-03
2.770920920920920683e+00 1.000000000000000021e-03
2.785925925925925917e+00 1.000000000000000021e-03
2.800930930930930707e+00 1.000000000000000021e-03
2.815935935935935941e+00 1.000000000000000021e-03
2.830940940940940731e+00 1.000000000000000021e-03
2.845945945945945965e+00 1.000000000000000021e-03
2.860950950950950755e+00 1.000000000000000021e-03
2.875955955955955989e+00 1.000000000000000021e-03
2.890960960960960779e+00 1.000000000000000021e-03
2.905965965965965569e+00 1.000000000000000021e-03
2.920970970970970804e+00 1.000000000000000021e-03
2.935975975975975594e+00 1.000000000000000021e-03
2.950980980980980828e+00 1.000000000000000021e-03
2.965985985985985618e+00 1.000000000000000021e-03
2.980990990990990852e+00 1.000000000000000021e-03
2.995995995995995642e+00 1.000000000000000021e-03
3.011001001001000876e+00 1.000000000000000021e-03
3.026006006006005666e+00 1.000000000000000021e-03
3.041011011011010901e+00 1.000000000000000021e-03
3.056016016016015691e+00 1.000000000000000021e-03
3.071021021021020925e+00 1.000000000000000021e-03
3.086026026026025715e+00 1.000000000000000021e-03
3.101031031031030949e+00 1.000000000000000021e-03
3.116036036036035739e+00 1.000000000000000021e-03
3.131041041041040973e+00 1.000000000000000021e-03
3.146046046046045763e+00 1.000000000000000021e-03
3.161051051051050997e+00 1.000000000000000021e-03
3.176056056056055787e+00 1.000000000000000021e-03
3.191061061061061022e+00 1.000000000000000021e-03
3.206066066066065812e+00 1.000000000000000021e-03
3.221071071071071046e+00 1.000000000000000021e-03
3.236076076076075836e+00 1.000000000000000021e-03
3.251081081081081070e+00 1.000000000000000021e-03
3.266086086086085860e+00 1.000000000000000021e-03
3.281091091091091094e+00 1.000000000000000021e-03
3.296096096096095884e+00 1.000000000000000021e-03
3.311101101101101118e+00 1.000000000000000021e-03
3.326106106106105909e+00 1.000000000000000021e-03
3.341111111111111143e+00 1.000000000000000021e-03
3.356116116116115933e+00 1.000000000000000021e-03
3.371121121121120723e+00 1.000000000000000021e-03
3.386126126126125957e+00 1.000000000000000021e-03
3.401131131131130747e+00 1.000000000000000021e-03
3.416136136136135981e+00 1.000000000000000021e-03
3.431141141141140771e+00 1.000000000000000021e-03
3.446146146146146005e+00 1.000000000000000021e-03
3.461151151151150795e+00 1.000000000000000021e-03
3.476156156156156030e+00 1.000000000000000021e-03
3.491161161161160820e+00 1.000000000000000021e-03
3.506166166166166054e+00 1.000000000000000021e-03
3.521171171171170844e+00 1.000000000000000021e-03
3.536176176176176078e+00 1.000000000000000021e-03
3.551181181181180868e+00 1.000000000000000021e-03
3.566186186186186102e+00 1.000000000000000021e-03
3.581191191191190892e+00 1.000000000000000021e-03
3.596196196196196126e+00 1.000000000000000021e-03
3.611201201201200917e+00 1.000000000000000021e-03
3.626206206206206151e+00 1.000000000000000021e-03
3.641211211211210941e+00 1.000000000000000021e-03
3.656216216216216175e+00 1.000000000000000021e-03
3.671221221221220965e+00 1.000000000000000021e-03
3.686226226226226199e+00 1.000000000000000021e-03
3.701231231231230989e+00 1.000000000000000021e-03
3.716236236236236223e+00 1.000000000000000021e-03
3.731241241241241013e+00 1.000000000000000021e-03
3.746246246246246248e+00 1.000000000000000021e-03
3.761251251251251038e+00 1.000000000000000021e-03
3.776256256256256272e+00 1.000000000000000021e-03
3.791261261261261062e+00 1.000000000000000021e-03
3.806266266266266296e+00 1.000000000000000021e-03
3.821271271271271086e+00 1.000000000000000021e-03
3.836276276276276320e+00 1.000000000000000021e-03
3.851281281281281110e+00 1.000000000000000021e-03
3.866286286286285900e+00 1.000000000000000021e-03
3.881291291291291135e+00 1.000000000000000021e-03
3.896296296296295925e+00 1.000000000000000021e-03
3.911301301301301159e+00 1.000000000000000021e-03
3.926306306306305949e+00 1.000000000000000021e-03
3.941311311311311183e+00 1.000000000000000021e-03
3.956316316316315973e+00 1.000000000000000021e-03
3.971321321321321207e+00 1.000000000000000021e-03
3.986326326326325997e+00 1.000000000000000021e-03
4.001331331331331675e+00 1.000000000000000021e-03
4.016336336336336466e+00 1.000000000000000021e-03
4.031341341341341256e+00 1.000000000000000021e-03
4.046346346346346046e+00 1.000000000000000021e-03
4.061351351351350836e+00 1.000000000000000021e-03
4.076356356356356514e+00 1.000000000000000021e-03
4.091361361361361304e+00 1.000000000000000021e-03
4.106366366366366094e+00 1.000000000000000021e-03
4.121371371371370884e+00 1.000000000000000021e-03
4.136376376376376562e+00 1.000000000000000021e-03
4.151381381381381352e+00 1.000000000000000021e-03
4.166386386386386143e+00 1.000000000000000021e-03
4.181391391391390933e+00 1.000000000000000021e-03
4.196396396396396611e+00 1.000000000000000021e-03
4.211401401401401401e+00 1.000000000000000021e-03
4.226406406406406191e+00 1.000000000000000021e-03
4.241411411411410981e+00 1.000000000000000021e-03
4.256416416416416659e+00 1.000000000000000021e-03
4.271421421421421449e+00 1.000000000000000021e-03
4.286426426426426239e+00 1.000000000000000021e-03
4.301431431431431029e+00 1.000000000000000021e-03
4.316436436436436708e+00 1.000000000000000021e-03
4.331441441441441498e+00 1.000000000000000021e-03
4.346446446446446288e+00 1.000000000000000021e-03
4.361451451451451078e+00 1.000000000000000021e-03
4.376456456456455868e+00 1.000000000000000021e-03
4.391461461461461546e+00 1.000000000000000021e-03
4.406466466466466336e+00 1.000000000000000021e-03
4.421471471471471126e+00 1.000000000000000021e-03
4.436476476476475916e+00 1.000000000000000021e-03
4.451481481481481595e+00 1.000000000000000021e-03
4.466486486486486385e+00 1.000000000000000021e-03
4.481491491491491175e+00 1.000000000000000021e-03
4.496496496496495965e+00 1.000000000000000021e-03
4.511501501501501643e+00 1.000000000000000021e-03
4.526506506506506433e+00 1.000000000000000021e-03
4.541511511511511223e+00 1.000000000000000021e-03
4.556516516516516013e+00 1.000000000000000021e-03
4.571521521521521692e+00 1.000000000000000021e-03
4.586526526526526482e+00 1.000000000000000021e-03
4.601531531531531272e+00 1.000000000000000021e-03
4.616536536536536062e+00 1.000000000000000021e-03
4.631541541541541740e+00 1.000000000000000021e-03
4.646546546546546530e+00 1.000000000000000021e-03
4.661551551551551320e+00 1.000000000000000021e-03
4.676556556556556110e+00 1.000000000000000021e-03
4.691561561561561788e+00 1.000000000000000021e-03
4.706566566566566578e+00 1.000000000000000021e-03
4.721571571571571369e+00 1.000000000000000021e-03
4.736576576576576159e+00 1.000000000000000021e-03
4.751581581581581837e+00 1.000000000000000021e-03
4.766586586586586627e+00 1.000000000000000021e-03
4.781591591591591417e+00 1.000000000000000021e-03
4.796596596596596207e+00 1.000000000000000021e-03
4.811601601601601885e+00 1.000000000000000021e-03
4.826606606606606675e+00 1.000000000000000021e-03
4.841611611611611465e+00 1.000000000000000021e-03
4.856616616616616255e+00 1.000000000000000021e-03
4.871621621621621046e+00 1.000000000000000021e-03
4.886626626626626724e+00 1.000000000000000021e-03
4.901631631631631514e+00 1.000000000000000021e-03
4.916636636636636304e+00 1.000000000000000021e-03
4.931641641641641094e+00 1.000000000000000021e-03
4.946646646646646772e+00 1.000000000000000021e-03
4.961651651651651562e+00 1.000000000000000021e-03
4.976656656656656352e+00 1.000000000000000021e-03
4.991661661661661142e+00 1.000000000000000021e-03
5.006666666666666821e+00 1.000000000000000021e-03
5.021671671671671611e+00 1.000000000000000021e-03
5.036676676676676401e+00 1.000000000000000021e-03
5.051681681681681191e+00 1.000000000000000021e-03
5.066686686686686869e+00 1.000000000000000021e-03
5.081691691691691659e+00 1.000000000000000021e-03
5.096696696696696449e+00 1.000000000000000021e-03
5.111701701701701239e+00 1.000000000000000021e-03
5.126706706706706917e+00 1.000000000000000021e-03
5.141711711711711708e+00 1.000000000000000021e-03
5.156716716716716498e+00 1.000000000000000021e-03
5.171721721721721288e+00 1.000000000000000021e-03
5.186726726726726966e+00 1.000000000000000021e-03
5.201731731731731756e+00 1.000000000000000021e-03
5.216736736736736546e+00 1.000000000000000021e-03
5.231741741741741336e+00 1.000000000000000021e-03
5.246746746746747014e+00 1.000000000000000021e-03
5.261751751751751804e+00 1.000000000000000021e-03
5.276756756756756594e+00 1.000000000000000021e-03
5.291761761761761385e+00 1.000000000000000021e-03
5.306766766766766175e+00 1.000000000000000021e-03
5.321771771771771853e+00 1.000000000000000021e-03
5.336776776776776643e+00 1.000000000000000021e-03
5.351781781781781433e+00 1.000000000000000021e-03
5.366786786786786223e+00 1.000000000000000021e-03
5.381791791791791901e+00 1.000000000000000021e-03
5.396796796796796691e+00 1.000000000000000021e-03
5.411801801801801481e+00 1.000000000000000021e-03
5.426806806806806271e+00 1.000000000000000021e-03
5.441811811811811950e+00 1.000000000000000021e-03
5.456816816816816740e+00 1.000000000000000021e-03
5.471821821821821530e+00 1.000000000000000021e-03
5.486826826826826320e+00 1.000000000000000021e-03
5.501831831831831998e+00 1.000000000000000021e-03
5.516836836836836788e+00 1.000000000000000021e-03
5.531841841841841578e+00 1.000000000000000021e-03
5.546846846846846368e+00 1.000000000000000021e-03
5.561851851851852047e+00 1.000000000000000021e-03
5.576856856856856837e+00 1.000000000000000021e-03
5.591861861861861627e+00 1.000000000000000021e-03
5.606866866866866417e+00 1.000000000000000021e-03
5.621871871871872095e+00 1.000000000000000021e-03
5.636876876876876885e+00 1.000000000000000021e-03
5.651881881881881675e+00 1.000000000000000021e-03
5.666886886886886465e+00 1.000000000000000021e-03
5.681891891891892143e+00 1.000000000000000021e-03
5.696896896896896934e+00 1.000000000000000021e-03
5.711901901901901724e+00 1.000000000000000021e-03
5.726906906906906514e+00 1.000000000000000021e-03
5.741911911911912192e+00 1.000000000000000021e-03
5.756916916916916982e+00 1.000000000000000021e-03
5.771921921921921772e+00 1.000000000000000021e-03
5.786926926926926562e+00 1.000000000000000021e-03
5.801931931931931352e+00 1.000000000000000021e-03
5.816936936936937030e+00 1.000000000000000021e-03
5.831941941941941820e+00 1.000000000000000021e-03
5.846946946946946611e+00 1.000000000000000021e-03
5.861951951951951401e+00 1.000000000000000021e-03
5.876956956956957079e+00 1.000000000000000021e-03
5.891961961961961869e+00 1.000000000000000021e-03
5.906966966966966659e+00 1.000000000000000021e-03
5.921971971971971449e+00 1.000000000000000021e-03
5.936976976976977127e+00 1.000000000000000021e-03
5.951981981981981917e+00 1.000000000000000021e-03
5.966986986986986707e+00 1.000000000000000021e-03
5.981991991991991497e+00 1.000000000000000021e-03
5.996996996996997176e+00 1.000000000000000021e-03
6.012002002002001966e+00 1.000000000000000021e-03
6.027007007007006756e+00 1.000000000000000021e-03
6.042012012012011546e+00 1.000000000000000021e-03
6.057017017017017224e+00 1.000000000000000021e-03
6.072022022022022014e+00 1.000000000000000021e-03
6.087027027027026804e+00 1.000000000000000021e-03
6.102032032032031594e+00 1.000000000000000021e-03
6.117037037037037273e+00 1.000000000000000021e-03
6.132042042042042063e+00 1.000000000000000021e-03
6.147047047047046853e+00 1.000000000000000021e-03
6.162052052052051643e+00 1.000000000000000021e-03
6.177057057057057321e+00 1.000000000000000021e-03
6.192062062062062111e+00 1.000000000000000021e-03
6.207067067067066901e+00 1.000000000000000021e-03
6.222072072072071691e+00 1.000000000000000021e-03
6.237077077077077369e+00 1.000000000000000021e-03
6.252082082082082160e+00 1.000000000000000021e-03
6.267087087087086950e+00 1.000000000000000021e-03
6.282092092092091740e+00 1.000000000000000021e-03
6.297097097097096530e+00 1.000000000000000021e-03
6.312102102102102208e+00 1.000000000000000021e-03
6.327107107107106998e+00 1.000000000000000021e-03
6.342112112112111788e+00 1.000000000000000021e-03
6.357117117117116578e+00 1.000000000000000021e-03
6.372122122122122256e+00 1.000000000000000021e-03
6.387127127127127046e+00 1.000000000000000021e-03
6.402132132132131836e+00 1.000000000000000021e-03
6.417137137137136627e+00 1.000000000000000021e-03
6.432142142142142305e+00 1.000000000000000021e-03
6.447147147147147095e+00 1.000000000000000021e-03
6.462152152152151885e+00 1.000000000000000021e-03
6.477157157157156675e+00 1.000000000000000021e-03
6.492162162162162353e+00 1.000000000000000021e-03
6.507167167167167143e+00 1.000000000000000021e-03
6.522172172172171933e+00 1.000000000000000021e-03
6.537177177177176723e+00 1.000000000000000021e-03
6.552182182182182402e+00 1.000000000000000021e-03
6.567187187187187192e+00 1.000000000000000021e-03
6.582192192192191982e+00 1.000000000000000021e-03
6.597197197197196772e+00 1.000000000000000021e-03
6.612202202202202450e+00 1.000000000000000021e-03
6.627207207207207240e+00 1.000000000000000021e-03
6.642212212212212030e+00 1.000000000000000021e-03
6.657217217217216820e+00 1.000000000000000021e-03
6.672222222222222499e+00 1.000000000000000021e-03
6.687227227227227289e+00 1.000000000000000021e-03
6.702232232232232079e+00 1.000000000000000021e-03
6.717237237237236869e+00 1.000000000000000021e-03
6.732242242242241659e+00 1.000000000000000021e-03
6.747247247247247337e+00 1.000000000000000021e-03
6.762252252252252127e+00 1.000000000000000021e-03
6.777257257257256917e+00 1.000000000000000021e-03
6.792262262262261707e+00 1.000000000000000021e-03
6.807267267267267385e+00 1.000000000000000021e-03
6.822272272272272176e+00 1.000000000000000021e-03
6.837277277277276966e+00 1.000000000000000021e-03
6.852282282282281756e+00 1.000000000000000021e-03
6.867287287287287434e+00 1.000000000000000021e-03
6.882292292292292224e+00 1.000000000000000021e-03
6.897297297297297014e+00 1.000000000000000021e-03
6.912302302302301804e+00 1.000000000000000021e-03
6.927307307307307482e+00 1.000000000000000021e-03
6.942312312312312272e+00 1.000000000000000021e-03
6.957317317317317062e+00 1.000000000000000021e-03
6.972322322322321853e+00 1.000000000000000021e-03
6.987327327327327531e+00 1.000000000000000021e-03
7.002332332332332321e+00 1.000000000000000021e-03
7.017337337337337111e+00 1.000000000000000021e-03
7.032342342342341901e+00 1.000000000000000021e-03
7.047347347347347579e+00 1.000000000000000021e-03
7.062352352352352369e+00 1.000000000000000021e-03
7.077357357357357159e+00 1.000000000000000021e-03
7.092362362362361949e+00 1.000000000000000021e-03
7.107367367367367628e+00 1.000000000000000021e-03
7.122372372372372418e+00 1.000000000000000021e-03
7.137377377377377208e+00 1.000000000000000021e-03
7.152382382382381998e+00 1.000000000000000021e-03
7.167387387387387676e+00 1.000000000000000021e-03
7.182392392392392466e+00 1.000000000000000021e-03
7.197397397397397256e+00 1.000000000000000021e-03
7.212402402402402046e+00 1.000000000000000021e-03
7.227407407407406836e+00 1.000000000000000021e-03
7.242412412412412515e+00 1.000000000000000021e-03
7.257417417417417305e+00 1.000000000000000021e-03
7.272422422422422095e+00 1.000000000000000021e-03
7.287427427427426885e+00 1.000000000000000021e-03
7.302432432432432563e+00 1.000000000000000021e-03
7.317437437437437353e+00 1.000000000000000021e-03
7.332442442442442143e+00 1.000000000000000021e-03
7.347447447447446933e+00 1.000000000000000021e-03
7.362452452452452611e+00 1.000000000000000021e-03
7.377457457457457402e+00 1.000000000000000021e-03
7.392462462462462192e+00 1.000000000000000021e-03
7.407467467467466982e+00 1.000000000000000021e-03
7.422472472472472660e+00 1.000000000000000021e-03
7.437477477477477450e+00 1.000000000000000021e-03
7.452482482482482240e+00 1.000000000000000021e-03
7.467487487487487030e+00 1.000000000000000021e-03
7.482492492492492708e+00 1.000000000000000021e-03
7.497497497497497498e+00 1.000000000000000021e-03
7.512502502502502288e+00 1.000000000000000021e-03
7.527507507507507079e+00 1.000000000000000021e-03
7.542512512512512757e+00 1.000000000000000021e-03
7.557517517517517547e+00 1.000000000000000021e-03
7.572522522522522337e+00 1.000000000000000021e-03
7.587527527527527127e+00 1.000000000000000021e-03
7.602532532532532805e+00 1.000000000000000021e-03
7.617537537537537595e+00 1.000000000000000021e-03
7.632542542542542385e+00 1.000000000000000021e-03
7.647547547547547175e+00 1.000000000000000021e-03
7.662552552552552854e+00 1.000000000000000021e-03
7.677557557557557644e+00 1.000000000000000021e-03
7.692562562562562434e+00 1.000000000000000021e-03
7.707567567567567224e+00 1.000000000000000021e-03
7.722572572572572014e+00 1.000000000000000021e-03
7.737577577577577692e+00 1.000000000000000021e-03
7.752582582582582482e+00 1.000000000000000021e-03
7.767587587587587272e+00 1.000000000000000021e-03
7.782592592592592062e+00 1.000000000000000021e-03
7.797597597597597741e+00 1.000000000000000021e-03
7.812602602602602531e+00 1.000000000000000021e-03
7.827607607607607321e+00 1.000000000000000021e-03
7.842612612612612111e+00 1.000000000000000021e-03
7.857617617617617789e+00 1.000000000000000021e-03
7.872622622622622579e+00 1.000000000000000021e-03
7.887627627627627369e+00 1.000000000000000021e-03
7.902632632632632159e+00 1.000000000000000021e-03
7.917637637637637837e+00 1.000000000000000021e-03
7.932642642642642627e+00 1.000000000000000021e-03
7.947647647647647418e+00 1.000000000000000021e-03
7.962652652652652208e+00 1.000000000000000021e-03
7.977657657657657886e+00 1.000000000000000021e-03
7.992662662662662676e+00 1.000000000000000021e-03
8.007667667667668354e+00 1.000000000000000021e-03
8.022672672672673144e+00 1.000000000000000021e-03
8.037677677677677934e+00 1.000000000000000021e-03
8.052682682682682724e+00 1.000000000000000021e-03
8.067687687687687514e+00 1.000000000000000021e-03
8.082692692692692304e+00 1.000000000000000021e-03
8.097697697697697095e+00 1.000000000000000021e-03
8.112702702702701885e+00 1.000000000000000021e-03
8.127707707707708451e+00 1.000000000000000021e-03
8.142712712712713241e+00 1.000000000000000021e-03
8.157717717717718031e+00 1.000000000000000021e-03
8.172722722722722821e+00 1.000000000000000021e-03
8.187727727727727611e+00 1.000000000000000021e-03
8.202732732732732401e+00 1.000000000000000021e-03
8.217737737737737191e+00 1.000000000000000021e-03
8.232742742742741981e+00 1.000000000000000021e-03
8.247747747747746772e+00 1.000000000000000021e-03
8.262752752752753338e+00 1.000000000000000021e-03
8.277757757757758128e+00 1.000000000000000021e-03
8.292762762762762918e+00 1.000000000000000021e-03
8.307767767767767708e+00 1.000000000000000021e-03
8.322772772772772498e+00 1.000000000000000021e-03
8.337777777777777288e+00 1.000000000000000021e-03
8.352782782782782078e+00 1.000000000000000021e-03
8.367787787787786868e+00 1.000000000000000021e-03
8.382792792792793435e+00 1.000000000000000021e-03
8.397797797797798225e+00 1.000000000000000021e-03
8.412802802802803015e+00 1.000000000000000021e-03
8.427807807807807805e+00 1.000000000000000021e-03
8.442812812812812595e+00 1.000000000000000021e-03
8.457817817817817385e+00 1.000000000000000021e-03
8.472822822822822175e+00 1.000000000000000021e-03
8.487827827827826965e+00 1.000000000000000021e-03
8.502832832832833532e+00 1.000000000000000021e-03
8.517837837837838322e+00 1.000000000000000021e-03
8.532842842842843112e+00 1.000000000000000021e-03
8.547847847847847902e+00 1.000000000000000021e-03
8.562852852852852692e+00 1.000000000000000021e-03
8.577857857857857482e+00 1.000000000000000021e-03
8.592862862862862272e+00 1.000000000000000021e-03
8.607867867867867062e+00 1.000000000000000021e-03
8.622872872872873629e+00 1.000000000000000021e-03
8.637877877877878419e+00 1.000000000000000021e-03
8.652882882882883209e+00 1.000000000000000021e-03
8.667887887887887999e+00 1.000000000000000021e-03
8.682892892892892789e+00 1.000000000000000021e-03
8.697897897897897579e+00 1.000000000000000021e-03
8.712902902902902369e+00 1.000000000000000021e-03
8.727907907907907159e+00 1.000000000000000021e-03
8.742912912912911949e+00 1.000000000000000021e-03
8.757917917917918516e+00 1.000000000000000021e-03
8.772922922922923306e+00 1.000000000000000021e-03
8.787927927927928096e+00 1.000000000000000021e-03
8.802932932932932886e+00 1.000000000000000021e-03
8.817937937937937676e+00 1.000000000000000021e-03
8.832942942942942466e+00 1.000000000000000021e-03
8.847947947947947256e+00 1.000000000000000021e-03
8.862952952952952046e+00 1.000000000000000021e-03
8.877957957957958612e+00 1.000000000000000021e-03
8.892962962962963402e+00 1.000000000000000021e-03
8.907967967967968193e+00 1.000000000000000021e-03
8.922972972972972983e+00 1.000000000000000021e-03
8.937977977977977773e+00 1.000000000000000021e-03
8.952982982982982563e+00 1.000000000000000021e-03
8.967987987987987353e+00 1.000000000000000021e-03
8.982992992992992143e+00 1.000000000000000021e-03
8.997997997997998709e+00 1.000000000000000021e-03
9.013003003003003499e+00 1.000000000000000021e-03
9.028008008008008289e+00 1.000000000000000021e-03
9.043013013013013079e+00 1.000000000000000021e-03
9.058018018018017870e+00 1.000000000000000021e-03
9.073023023023022660e+00 1.000000000000000021e-03
9.088028028028027450e+00 1.000000000000000021e-03
9.103033033033032240e+00 1.000000000000000021e-03
9.118038038038038806e+00 1.000000000000000021e-03
9.133043043043043596e+00 1.000000000000000021e-03
9.148048048048048386e+00 1.000000000000000021e-03
9.163053053053053176e+00 1.000000000000000021e-03
9.178058058058057966e+00 1.000000000000000021e-03
9.193063063063062756e+00 1.000000000000000021e-03
9.208068068068067547e+00 1.000000000000000021e-03
9.223073073073072337e+00 1.000000000000000021e-03
9.238078078078077127e+00 1.000000000000000021e-03
9.253083083083083693e+00 1.000000000000000021e-03
9.268088088088088483e+00 1.000000000000000021e-03
9.283093093093093273e+00 1.000000000000000021e-03
9.298098098098098063e+00 1.000000000000000021e-03
9.313103103103102853e+00 1.000000000000000021e-03
9.328108108108107643e+00 1.000000000000000021e-03
9.343113113113112433e+00 1.000000000000000021e-03
9.358118118118117224e+00 1.000000000000000021e-03
9.373123123123123790e+00 1.000000000000000021e-03
9.388128128128128580e+00 1.000000000000000021e-03
9.403133133133133370e+00 1.000000000000000021e-03
9.418138138138138160e+00 1.000000000000000021e-03
9.433143143143142950e+00 1.000000000000000021e-03
9.448148148148147740e+00 1.000000000000000021e-03
9.463153153153152530e+00 1.000000000000000021e-03
9.478158158158157320e+00 1.000000000000000021e-03
9.493163163163163887e+00 1.000000000000000021e-03
9.508168168168168677e+00 1.000000000000000021e-03
9.523173173173173467e+00 1.000000000000000021e-03
9.538178178178178257e+00 1.000000000000000021e-03
9.553183183183183047e+00 1.000000000000000021e-03
9.568188188188187837e+00 1.000000000000000021e-03
9.583193193193192627e+00 1.000000000000000021e-03
9.598198198198197417e+00 1.000000000000000021e-03
9.613203203203203984e+00 1.000000000000000021e-03
9.628208208208208774e+00 1.000000000000000021e-03
9.643213213213213564e+00 1.000000000000000021e-03
9.658218218218218354e+00 1.000000000000000021e-03
9.673223223223223144e+00 1.000000000000000021e-03
9.688228228228227934e+00 1.000000000000000021e-03
9.703233233233232724e+00 1.000000000000000021e-03
9.718238238238237514e+00 1.000000000000000021e-03
9.733243243243242304e+00 1.000000000000000021e-03
9.748248248248248871e+00 1.000000000000000021e-03
9.763253253253253661e+00 1.000000000000000021e-03
9.778258258258258451e+00 1.000000000000000021e-03
9.793263263263263241e+00 1.000000000000000021e-03
9.808268268268268031e+00 1.000000000000000021e-03
9.823273273273272821e+00 1.000000000000000021e-03
9.838278278278277611e+00 1.000000000000000021e-03
9.853283283283282401e+00 1.000000000000000021e-03
9.868288288288288967e+00 1.000000000000000021e-03
9.883293293293293758e+00 1.000000000000000021e-03
9.898298298298298548e+00 1.000000000000000021e-03
9.913303303303303338e+00 1.000000000000000021e-03
9.928308308308308128e+00 1.000000000000000021e-03
9.943313313313312918e+00 1.000000000000000021e-03
9.958318318318317708e+00 1.000000000000000021e-03
9.973323323323322498e+00 1.000000000000000021e-03
9.988328328328329064e+00 1.000000000000000021e-03
1.000333333333333385e+01 1.000000000000000021e-03
1.001833833833833864e+01 1.000000000000000021e-03
1.003334334334334343e+01 1.000000000000000021e-03
1.004834834834834822e+01 1.000000000000000021e-03
1.006335335335335301e+01 1.000000000000000021e-03
1.007835835835835780e+01 1.000000000000000021e-03
1.009336336336336259e+01 1.000000000000000021e-03
1.010836836836836738e+01 1.000000000000000021e-03
1.012337337337337395e+01 1.000000000000000021e-03
1.013837837837837874e+01 1.000000000000000021e-03
1.015338338338338353e+01 1.000000000000000021e-03
1.016838838838838832e+01 1.000000000000000021e-03
1.018339339339339311e+01 1.000000000000000021e-03
1.019839839839839790e+01 1.000000000000000021e-03
1.021340340340340269e+01 1.000000000000000021e-03
1.022840840840840748e+01 1.000000000000000021e-03
1.024341341341341405e+01 1.000000000000000021e-03
1.025841841841841884e+01 1.000000000000000021e-03
1.027342342342342363e+01 1.000000000000000021e-03
1.028842842842842842e+01 1.000000000000000021e-03
1.030343343343343321e+01 1.000000000000000021e-03
1.031843843843843800e+01 1.000000000000000021e-03
1.033344344344344279e+01 1.000000000000000021e-03
1.034844844844844758e+01 1.000000000000000021e-03
1.036345345345345415e+01 1.000000000000000021e-03
1.037845845845845894e+01 1.000000000000000021e-03
1.039346346346346373e+01 1.000000000000000021e-03
1.040846846846846852e+01 1.000000000000000021e-03
1.042347347347347331e+01 1.000000000000000021e-03
1.043847847847847810e+01 1.000000000000000021e-03
1.045348348348348289e+01 1.000000000000000021e-03
1.046848848848848768e+01 1.000000000000000021e-03
1.048349349349349424e+01 1.000000000000000021e-03
1.049849849849849903e+01 1.000000000000000021e-03
1.051350350350350382e+01 1.000000000000000021e-03
1.052850850850850861e+01 1.000000000000000021e-03
1.054351351351351340e+01 1.000000000000000021e-03
1.055851851851851819e+01 1.000000000000000021e-03
1.057352352352352298e+01 1.000000000000000021e-03
1.058852852852852777e+01 1.000000000000000021e-03
1.060353353353353256e+01 1.000000000000000021e-03
1.061853853853853913e+01 1.000000000000000021e-03
1.063354354354354392e+01 1.000000000000000021e-03
1.064854854854854871e+01 1.000000000000000021e-03
1.066355355355355350e+01 1.000000000000000021e-03
1.067855855855855829e+01 1.000000000000000021e-03
1.069356356356356308e+01 1.000000000000000021e-03
1.070856856856856787e+01 1.000000000000000021e-03
1.072357357357357266e+01 1.000000000000000021e-03
1.073857857857857923e+01 1.000000000000000021e-03
1.075358358358358402e+01 1.000000000000000021e-03
1.076858858858858881e+01 1.000000000000000021e-03
1.078359359359359360e+01 1.000000000000000021e-03
1.079859859859859839e+01 1.000000000000000021e-03
1.081360360360360318e+01 1.000000000000000021e-03
1.082860860860860797e+01 1.000000000000000021e-03
1.084361361361361276e+01 1.000000000000000021e-03
1.085861861861861932e+01 1.000000000000000021e-03
1.087362362362362411e+01 1.000000000000000021e-03
1.088862862862862890e+01 1.000000000000000021e-03
1.090363363363363369e+01 1.000000000000000021e-03
1.091863863863863848e+01 1.000000000000000021e-03
1.093364364364364327e+01 1.000000000000000021e-03
1.094864864864864806e+01 1.000000000000000021e-03
1.096365365365365285e+01 1.000000000000000021e-03
1.097865865865865942e+01 1.000000000000000021e-03
1.099366366366366421e+01 1.000000000000000021e-03
1.100866866866866900e+01 1.000000000000000021e-03
1.102367367367367379e+01 1.000000000000000021e-03
1.103867867867867858e+01 1.000000000000000021e-03
1.105368368368368337e+01 1.000000000000000021e-03
1.106868868868868816e+01 1.000000000000000021e-03
1.108369369369369295e+01 1.000000000000000021e-03
1.109869869869869774e+01 1.000000000000000021e-03
1.111370370370370431e+01 1.000000000000000021e-03
1.112870870870870910e+01 1.000000000000000021e-03
1.114371371371371389e+01 1.000000000000000021e-03
1.115871871871871868e+01 1.000000000000000021e-03
1.117372372372372347e+01 1.000000000000000021e-03
1.118872872872872826e+01 1.000000000000000021e-03
1.120373373373373305e+01 1.000000000000000021e-03
1.121873873873873784e+01 1.000000000000000021e-03
1.123374374374374440e+01 1.000000000000000021e-03
1.124874874874874919e+01 1.000000000000000021e-03
1.126375375375375398e+01 1.000000000000000021e-03
1.127875875875875877e+01 1.000000000000000021e-03
1.129376376376376356e+01 1.000000000000000021e-03
1.130876876876876835e+01 1.000000000000000021e-03
1.132377377377377314e+01 1.000000000000000021e-03
1.133877877877877793e+01 1.000000000000000021e-03
1.135378378378378450e+01 1.000000000000000021e-03
1.136878878878878929e+01 1.000000000000000021e-03
1.138379379379379408e+01 1.000000000000000021e-03
1.139879879879879887e+01 1.000000000000000021e-03
1.141380380380380366e+01 1.000000000000000021e-03
1.142880880880880845e+01 1.000000000000000021e-03
1.144381381381381324e+01 1.000000000000000021e-03
1.145881881881881803e+01 1.000000000000000021e-03
1.147382382382382460e+01 1.000000000000000021e-03
1.148882882882882939e+01 1.000000000000000021e-03
1.150383383383383418e+01 1.000000000000000021e-03
1.151883883883883897e+01 1.000000000000000021e-03
1.153384384384384376e+01 1.000000000000000021e-03
1.154884884884884855e+01 1.000000000000000021e-03
1.156385385385385334e+01 1.000000000000000021e-03
1.157885885885885813e+01 1.000000000000000021e-03
1.159386386386386292e+01 1.000000000000000021e-03
1.160886886886886948e+01 1.000000000000000021e-03
1.162387387387387427e+01 1.000000000000000021e-03
1.163887887887887906e+01 1.000000000000000021e-03
1.165388388388388385e+01 1.000000000000000021e-03
1.166888888888888864e+01 1.000000000000000021e-03
1.168389389389389343e+01 1.000000000000000021e-03
1.169889889889889822e+01 1.000000000000000021e-03
1.171390390390390301e+01 1.000000000000000021e-03
1.172890890890890958e+01 1.000000000000000021e-03
1.174391391391391437e+01 1.000000000000000021e-03
1.175891891891891916e+01 1.000000000000000021e-03
1.177392392392392395e+01 1.000000000000000021e-03
1.178892892892892874e+01 1.000000000000000021e-03
1.180393393393393353e+01 1.000000000000000021e-03
1.181893893893893832e+01 1.000000000000000021e-03
1.183394394394394311e+01 1.000000000000000021e-03
1.184894894894894968e+01 1.000000000000000021e-03
1.186395395395395447e+01 1.000000000000000021e-03
1.187895895895895926e+01 1.000000000000000021e-03
1.189396396396396405e+01 1.000000000000000021e-03
1.190896896896896884e+01 1.000000000000000021e-03
1.192397397397397363e+01 1.000000000000000021e-03
1.193897897897897842e+01 1.000000000000000021e-03
1.195398398398398321e+01 1.000000000000000021e-03
1.196898898898898977e+01 1.000000000000000021e-03
1.198399399399399456e+01 1.000000000000000021e-03
1.199899899899899935e+01 1.000000000000000021e-03
1.201400400400400414e+01 1.000000000000000021e-03
1.202900900900900893e+01 1.000000000000000021e-03
1.204401401401401372e+01 1.000000000000000021e-03
1.205901901901901851e+01 1.000000000000000021e-03
1.207402402402402330e+01 1.000000000000000021e-03
1.208902902902902810e+01 1.000000000000000021e-03
1.210403403403403466e+01 1.000000000000000021e-03
1.211903903903903945e+01 1.000000000000000021e-03
1.213404404404404424e+01 1.000000000000000021e-03
1.214904904904904903e+01 1.000000000000000021e-03
1.216405405405405382e+01 1.000000000000000021e-03
1.217905905905905861e+01 1.000000000000000021e-03
1.219406406406406340e+01 1.000000000000000021e-03
1.220906906906906819e+01 1.000000000000000021e-03
1.222407407407407476e+01 1.000000000000000021e-03
1.223907907907907955e+01 1.000000000000000021e-03
1.225408408408408434e+01 1.000000000000000021e-03
1.226908908908908913e+01 1.000000000000000021e-03
1.228409409409409392e+01 1.000000000000000021e-03
1.229909909909909871e+01 1.000000000000000021e-03
1.231410410410410350e+01 1.000000000000000021e-03
1.232910910910910829e+01 1.000000000000000021e-03
1.234411411411411486e+01 1.000000000000000021e-03
1.235911911911911965e+01 1.000000000000000021e-03
1.237412412412412444e+01 1.000000000000000021e-03
1.238912912912912923e+01 1.000000000000000021e-03
1.240413413413413402e+01 1.000000000000000021e-03
1.241913913913913881e+01 1.000000000000000021e-03
1.243414414414414360e+01 1.000000000000000021e-03
1.244914914914914839e+01 1.000000000000000021e-03
1.246415415415415495e+01 1.000000000000000021e-03
1.247915915915915974e+01 1.000000000000000021e-03
1.249416416416416453e+01 1.000000000000000021e-03
1.250916916916916932e+01 1.000000000000000021e-03
1.252417417417417411e+01 1.000000000000000021e-03
1.253917917917917890e+01 1.000000000000000021e-03
1.255418418418418369e+01 1.000000000000000021e-03
1.256918918918918848e+01 1.000000000000000021e-03
1.258419419419419327e+01 1.000000000000000021e-03
1.259919919919919984e+01 1.000000000000000021e-03
1.261420420420420463e+01 1.000000000000000021e-03
1.262920920920920942e+01 1.000000000000000021e-03
1.264421421421421421e+01 1.000000000000000021e-03
1.265921921921921900e+01 1.000000000000000021e-03
1.267422422422422379e+01 1.000000000000000021e-03
1.268922922922922858e+01 1.000000000000000021e-03
1.270423423423423337e+01 1.000000000000000021e-03
1.271923923923923994e+01 1.000000000000000021e-03
1.273424424424424473e+01 1.000000000000000021e-03
1.274924924924924952e+01 1.000000000000000021e-03
1.276425425425425431e+01 1.000000000000000021e-03
1.277925925925925910e+01 1.000000000000000021e-03
1.279426426426426389e+01 1.000000000000000021e-03
1.280926926926926868e+01 1.000000000000000021e-03
1.282427427427427347e+01 1.000000000000000021e-03
1.283927927927928003e+01 1.000000000000000021e-03
1.285428428428428482e+01 1.000000000000000021e-03
1.286928928928928961e+01 1.000000000000000021e-03
1.288429429429429440e+01 1.000000000000000021e-03
1.289929929929929919e+01 1.000000000000000021e-03
1.291430430430430398e+01 1.000000000000000021e-03
1.292930930930930877e+01 1.000000000000000021e-03
1.294431431431431356e+01 1.000000000000000021e-03
1.295931931931932013e+01 1.000000000000000021e-03
1.297432432432432492e+01 1.000000000000000021e-03
1.298932932932932971e+01 1.000000000000000021e-03
1.300433433433433450e+01 1.000000000000000021e-03
1.301933933933933929e+01 1.000000000000000021e-03
1.303434434434434408e+01 1.000000000000000021e-03
1.304934934934934887e+01 1.000000000000000021e-03
1.306435435435435366e+01 1.000000000000000021e-03
1.307935935935935845e+01 1.000000000000000021e-03
1.309436436436436502e+01 1.000000000000000021e-03
1.310936936936936981e+01 1.000000000000000021e-03
1.312437437437437460e+01 1.000000000000000021e-03
1.313937937937937939e+01 1.000000000000000021e-03
1.315438438438438418e+01 1.000000000000000021e-03
1.316938938938938897e+01 1.000000000000000021e-03
1.318439439439439376e+01 1.000000000000000021e-03
1.319939939939939855e+01 1.000000000000000021e-03
1.321440440440440511e+01 1.000000000000000021e-03
1.322940940940940990e+01 1.000000000000000021e-03
1.324441441441441469e+01 1.000000000000000021e-03
1.325941941941941948e+01 1.000000000000000021e-03
1.327442442442442427e+01 1.000000000000000021e-03
1.328942942942942906e+01 1.000000000000000021e-03
1.330443443443443385e+01 1.000000000000000021e-03
1.331943943943943864e+01 1.000000000000000021e-03
1.333444444444444521e+01 1.000000000000000021e-03
1.334944944944945000e+01 1.000000000000000021e-03
1.336445445445445479e+01 1.000000000000000021e-03
1.337945945945945958e+01 1.000000000000000021e-03
1.339446446446446437e+01 1.000000000000000021e-03
1.340946946946946916e+01 1.000000000000000021e-03
1.342447447447447395e+01 1.000000000000000021e-03
1.343947947947947874e+01 1.000000000000000021e-03
1.345448448448448353e+01 1.000000000000000021e-03
1.346948948948949010e+01 1.000000000000000021e-03
1.348449449449449489e+01 1.000000000000000021e-03
1.349949949949949968e+01 1.000000000000000021e-03
1.351450450450450447e+01 1.000000000000000021e-03
1.352950950950950926e+01 1.000000000000000021e-03
1.354451451451451405e+01 1.000000000000000021e-03
1.355951951951951884e+01 1.000000000000000021e-03
1.357452452452452363e+01 1.000000000000000021e-03
1.358952952952953019e+01 1.000000000000000021e-03
1.360453453453453498e+01 1.000000000000000021e-03
1.361953953953953977e+01 1.000000000000000021e-03
1.363454454454454456e+01 1.000000000000000021e-03
1.364954954954954935e+01 1.000000000000000021e-03
1.366455455455455414e+01 1.000000000000000021e-03
1.367955955955955893e+01 1.000000000000000021e-03
1.369456456456456372e+01 1.000000000000000021e-03
1.370956956956957029e+01 1.000000000000000021e-03
1.372457457457457508e+01 1.000000000000000021e-03
1.373957957957957987e+01 1.000000000000000021e-03
1.375458458458458466e+01 1.000000000000000021e-03
1.376958958958958945e+01 1.000000000000000021e-03
1.378459459459459424e+01 1.000000000000000021e-03
1.379959959959959903e+01 1.000000000000000021e-03
1.381460460460460382e+01 1.000000000000000021e-03
1.382960960960961039e+01 1.000000000000000021e-03
1.384461461461461518e+01 1.000000000000000021e-03
1.385961961961961997e+01 1.000000000000000021e-03
1.387462462462462476e+01 1.000000000000000021e-03
1.388962962962962955e+01 1.000000000000000021e-03
1.390463463463463434e+01 1.000000000000000021e-03
1.391963963963963913e+01 1.000000000000000021e-03
1.393464464464464392e+01 1.000000000000000021e-03
1.394964964964964871e+01 1.000000000000000021e-03
1.396465465465465527e+01 1.000000000000000021e-03
1.397965965965966006e+01 1.000000000000000021e-03
1.399466466466466485e+01 1.000000000000000021e-03
1.400966966966966964e+01 1.000000000000000021e-03
1.402467467467467443e+01 1.000000000000000021e-03
1.403967967967967923e+01 1.000000000000000021e-03
1.405468468468468402e+01 1.000000000000000021e-03
1.406968968968968881e+01 1.000000000000000021e-03
1.408469469469469537e+01 1.000000000000000021e-03
1.409969969969970016e+01 1.000000000000000021e-03
1.411470470470470495e+01 1.000000000000000021e-03
1.412970970970970974e+01 1.000000000000000021e-03
1.414471471471471453e+01 1.000000000000000021e-03
1.415971971971971932e+01 1.000000000000000021e-03
1.417472472472472411e+01 1.000000000000000021e-03
1.418972972972972890e+01 1.000000000000000021e-03
1.420473473473473547e+01 1.000000000000000021e-03
1.421973973973974026e+01 1.000000000000000021e-03
1.423474474474474505e+01 1.000000000000000021e-03
1.424974974974974984e+01 1.000000000000000021e-03
1.426475475475475463e+01 1.000000000000000021e-03
1.427975975975975942e+01 1.000000000000000021e-03
1.429476476476476421e+01 1.000000000000000021e-03
1.430976976976976900e+01 1.000000000000000021e-03
1.432477477477477557e+01 1.000000000000000021e-03
1.433977977977978036e+01 1.000000000000000021e-03
1.435478478478478515e+01 1.000000000000000021e-03
1.436978978978978994e+01 1.000000000000000021e-03
1.438479479479479473e+01 1.000000000000000021e-03
1.439979979979979952e+01 1.000000000000000021e-03
1.441480480480480431e+01 1.000000000000000021e-03
1.442980980980980910e+01 1.000000000000000021e-03
1.444481481481481389e+01 1.000000000000000021e-03
1.445981981981982045e+01 1.000000000000000021e-03
1.447482482482482524e+01 1.000000000000000021e-03
1.448982982982983003e+01 1.000000000000000021e-03
1.450483483483483482e+01 1.000000000000000021e-03
1.451983983983983961e+01 1.000000000000000021e-03
1.453484484484484440e+01 1.000000000000000021e-03
1.454984984984984919e+01 1.000000000000000021e-03
1.456485485485485398e+01 1.000000000000000021e-03
1.457985985985986055e+01 1.000000000000000021e-03
1.459486486486486534e+01 1.000000000000000021e-03
1.460986986986987013e+01 1.000000000000000021e-03
1.462487487487487492e+01 1.000000000000000021e-03
1.463987987987987971e+01 1.000000000000000021e-03
1.465488488488488450e+01 1.000000000000000021e-03
1.466988988988988929e+01 1.000000000000000021e-03
1.468489489489489408e+01 1.000000000000000021e-03
1.469989989989990065e+01 1.000000000000000021e-03
1.471490490490490544e+01 1.000000000000000021e-03
1.472990990990991023e+01 1.000000000000000021e-03
1.474491491491491502e+01 1.000000000000000021e-03
1.475991991991991981e+01 1.000000000000000021e-03
1.477492492492492460e+01 1.000000000000000021e-03
1.478992992992992939e+01 1.000000000000000021e-03
1.480493493493493418e+01 1.000000000000000021e-03
1.481993993993994074e+01 1.000000000000000021e-03
1.483494494494494553e+01 1.000000000000000021e-03
1.484994994994995032e+01 1.000000000000000021e-03
1.486495495495495511e+01 1.000000000000000021e-03
1.487995995995995990e+01 1.000000000000000021e-03
1.489496496496496469e+01 1.000000000000000021e-03
1.490996996996996948e+01 1.000000000000000021e-03
1.492497497497497427e+01 1.000000000000000021e-03
1.493997997997997906e+01 1.000000000000000021e-03
1.495498498498498563e+01 1.000000000000000021e-03
1.496998998998999042e+01 1.000000000000000021e-03
1.498499499499499521e+01 1.000000000000000021e-03
1.500000000000000000e+01 1.000000000000000021e-03
