         1e-11      19.9413 
   1.10304e-11      18.9871 
   1.21669e-11      18.0785 
   1.34206e-11      17.2134 
   1.48034e-11      16.3898 
   1.63287e-11      15.6055 
   1.80111e-11      14.8588 
   1.98669e-11      14.1477 
   2.19139e-11      13.4708 
   2.41719e-11      12.8262 
   2.66625e-11      12.2124 
   2.94097e-11       11.628 
     3.244e-11      11.0716 
   3.57825e-11      10.5418 
   3.94694e-11      10.0374 
   4.35362e-11      9.55709 
   4.80221e-11      9.09977 
   5.29701e-11      8.66434 
    5.8428e-11      8.24973 
   6.44483e-11      7.85497 
   7.10888e-11       7.4791 
   7.84136e-11      7.12121 
   8.64931e-11      6.78045 
   9.54051e-11      6.45599 
   1.05235e-10      6.14706 
   1.16078e-10      5.85291 
   1.28039e-10      5.57283 
   1.41231e-10      5.30616 
   1.55784e-10      5.05225 
   1.71835e-10      4.81049 
    1.8954e-10      4.58029 
    2.0907e-10      4.36111 
   2.30612e-10      4.15242 
   2.54374e-10      3.95371 
   2.80584e-10      3.76451 
   3.09494e-10      3.58436 
   3.41383e-10      3.41283 
   3.76558e-10      3.24951 
   4.15358e-10      3.09401 
   4.58155e-10      2.94594 
   5.05362e-10      2.80496 
   5.57433e-10      2.67073 
   6.14869e-10      2.54291 
   6.78223e-10      2.42122 
   7.48105e-10      2.30534 
   8.25188e-10      2.19501 
   9.10213e-10      2.08996 
      1.004e-9      1.98993 
    1.10745e-9      1.89469 
    1.22155e-9      1.80401 
    1.34742e-9      1.71767 
    1.48625e-9      1.63545 
    1.63939e-9      1.55717 
    1.80831e-9      1.48264 
    1.99463e-9      1.41167 
    2.20016e-9      1.34409 
    2.42685e-9      1.27975 
    2.67691e-9      1.21849 
    2.95273e-9      1.16016 
    3.25697e-9      1.10462 
    3.59256e-9      1.05174 
    3.96272e-9      1.00138 
    4.37103e-9     0.953439 
    4.82141e-9      0.90779 
    5.31819e-9     0.864326 
    5.86616e-9     0.822941 
    6.47059e-9     0.783537 
     7.1373e-9     0.746019 
    7.87271e-9     0.710297 
    8.68389e-9     0.676284 
    9.57865e-9       0.6439 
    1.05656e-8     0.613067 
    1.16543e-8     0.583709 
    1.28551e-8     0.555758 
    1.41796e-8     0.529145 
    1.56406e-8     0.503806 
    1.72522e-8     0.479682 
    1.90298e-8     0.456713 
    2.09906e-8     0.434844 
    2.31534e-8     0.414024 
    2.52419e-8     0.396516 
       2.53e-8      0.39606 
    2.79068e-8     0.377098 
    3.07823e-8     0.359044 
     3.3954e-8     0.341856 
    3.74525e-8     0.325491 
    4.13115e-8      0.30991 
    4.55681e-8     0.295076 
    5.02633e-8     0.280952 
    5.54423e-8     0.267505 
    6.11549e-8     0.254702 
    6.74561e-8     0.242514 
    7.44066e-8     0.230912 
    8.20732e-8     0.219869 
    9.05297e-8     0.209358 
    9.98577e-8     0.199354 
    1.10147e-7     0.189829 
    1.21496e-7     0.180758 
    1.34014e-7     0.172116 
    1.47823e-7     0.163882 
    1.63054e-7     0.156037 
    1.79855e-7     0.148566 
    1.98386e-7     0.141453 
    2.18827e-7     0.134684 
    2.41375e-7      0.12824 
    2.66245e-7     0.122105 
    2.93678e-7     0.116262 
    3.23938e-7     0.110693 
    3.57316e-7      0.10539 
    3.94132e-7     0.100344 
    4.34743e-7    0.0955435 
    4.79537e-7    0.0909728 
    5.28947e-7    0.0866199 
    5.83448e-7    0.0824776 
    6.43565e-7    0.0785269 
    7.09876e-7    0.0747615 
     7.8302e-7    0.0711823 
      8.637e-7    0.0677773 
    9.52693e-7    0.0645369 
    1.05086e-6    0.0614454 
    1.15913e-6    0.0585105 
    1.28758e-6    0.0555123 
    1.42025e-6    0.0528475 
    1.56659e-6    0.0503192 
    1.72801e-6    0.0479108 
    1.90606e-6    0.0456239 
    2.10245e-6    0.0434331 
    2.31908e-6    0.0413623 
    2.57595e-6    0.0392442 
    2.84137e-6    0.0373579 
    3.13414e-6    0.0355719 
    3.45707e-6    0.0338684 
    3.81327e-6     0.032255 
    4.20618e-6    0.0307008 
     4.6723e-6    0.0291373 
    5.18982e-6    0.0276452 
    5.68474e-6    0.0264077 
    6.27048e-6    0.0251472 
    6.96502e-6    0.0238609 
    7.68268e-6    0.0227196 
    8.53406e-6    0.0215504 
    9.41338e-6    0.0205207 
     1.0456e-5    0.0194689 
    1.15334e-5    0.0185397 
    1.29012e-5    0.0175219 
    1.43309e-5    0.0166308 
    1.55876e-5    0.0159486 
    1.69545e-5     0.015283 
    1.87015e-5    0.0145521 
    2.07729e-5    0.0138038 
    2.29133e-5    0.0131438 
    2.56308e-5    0.0124237 
    2.78784e-5    0.0119192 
    3.01122e-5    0.0114646 
    3.34475e-5    0.0108743 
    3.63806e-5    0.0104285 
    3.95708e-5   0.00999855 
    4.30409e-5   0.00958565 
    4.64895e-5    0.0092243 
    5.12797e-5   0.00877812 
    5.53858e-5   0.00845115 
    6.02426e-5    0.0081007 
    6.69186e-5   0.00768338 
    7.27868e-5   0.00736852 
     7.8615e-5   0.00708906 
    8.55089e-5   0.00679632 
    9.23603e-5   0.00653959 
    0.00010259   0.00620245 
   0.000110811   0.00597131 
   0.000119684   0.00574286 
   0.000132947   0.00544746 
   0.000144605   0.00522435 
   0.000156184   0.00502599 
   0.000171078   0.00480203 
   0.000184777   0.00462076 
   0.000205253   0.00438241 
   0.000220147   0.00423363 
   0.000239452   0.00405769 
   0.000265974   0.00384905 
   0.000289298   0.00369141 
   0.000312478   0.00355117 
   0.000339879   0.00340453 
   0.000369684   0.00326486 
   0.000410632   0.00309651 
   0.000440427   0.00299138 
   0.000479048   0.00286708 
   0.000532136   0.00271959 
   0.000574745   0.00261714 
   0.000625145   0.00250918 
   0.000679965   0.00240556 
   0.000739593   0.00230688 
   0.000821553   0.00218786 
   0.000881164   0.00211359 
   0.000958435   0.00202577 
    0.00106459   0.00192159 
     0.0011499   0.00184916 
    0.00125073   0.00177288 
    0.00136041   0.00169967 
    0.00146934   0.00163539 
    0.00163217    0.0015512 
     0.0017506   0.00149847 
    0.00191417   0.00143252 
    0.00212629   0.00135885 
    0.00229655   0.00130766 
    0.00249794   0.00125371 
    0.00273018   0.00119912 
    0.00294046   0.00115537 
    0.00326632   0.00109588 
    0.00350332   0.00105863 
    0.00382834   0.00101233 
    0.00425259  0.000960267 
    0.00459806   0.00092361 
    0.00500127  0.000885499 
    0.00543984  0.000848946 
    0.00585592  0.000818203 
    0.00650486  0.000776102 
    0.00697685  0.000749743 
     0.0075355  0.000721067 
    0.00835998  0.000684465 
    0.00902017  0.000659026 
    0.00979858  0.000632255 
     0.0106578  0.000606086 
     0.0114862  0.000583675 
     0.0127482  0.000553704 
     0.0136732  0.000534786 
     0.0149545  0.000511072 
      0.016606  0.000484738 
     0.0179365  0.000466375 
     0.0195094  0.000447039 
     0.0211801  0.000428879 
     0.0229724  0.000411743 
     0.0254963    0.0003906 
     0.0273463  0.000377255 
     0.0299089  0.000360526 
     0.0332119  0.000341949 
      0.035873  0.000328995 
     0.0388627  0.000315966 
     0.0425689  0.000301824 
     0.0459447  0.000290457 
     0.0509927  0.000275542 
     0.0546927  0.000266128 
     0.0598178  0.000254327 
     0.0664238  0.000241222 
     0.0717461  0.000232083 
     0.0777255  0.000222893 
     0.0847205  0.000213425 
     0.0918894  0.000204897 
      0.101985  0.000194376 
      0.108843  0.000188187 
      0.119636   0.00017941 
      0.132848  0.000170166 
      0.143689   0.00016361 
      0.155451  0.000157236 
      0.169441  0.000150556 
      0.183779  0.000144541 
      0.203971  0.000137119 
      0.217685  0.000132753 
      0.239271  0.000126562 
      0.265695   0.00012004 
      0.287379  0.000115415 
      0.310902  0.000110919 
      0.338882  0.000106208 
      0.367558  0.000101964 
      0.407941   9.67281e-5 
       0.43537   9.36478e-5 
      0.478543   8.92806e-5 
       0.53139   8.46801e-5 
      0.574757   8.14178e-5 
      0.621804   7.82507e-5 
      0.685873   7.44798e-5 
      0.756543    7.0894e-5 
      0.836783   6.73753e-5 
      0.902562   6.48697e-5 
       0.98692   6.19952e-5 
             1   6.15778e-5 
       10.0904    3.2116e-5 
       10.2328   3.16546e-5 
       10.3771   3.11867e-5 
       10.5235   3.07122e-5 
        10.672   3.02311e-5 
       10.8226   2.97431e-5 
       10.9752   2.92483e-5 
       11.1301   2.87464e-5 
       11.2871   2.82375e-5 
       11.4464   2.77215e-5 
       11.6078   2.71981e-5 
       11.7716   2.66674e-5 
       11.9377   2.61291e-5 
       12.1061   2.55833e-5 
       12.2769   2.50298e-5 
       12.4501   2.44684e-5 
       12.6258   2.38992e-5 
       12.8039   2.33219e-5 
       12.9845   2.27364e-5 
       13.1677   2.21427e-5 
       13.3535   2.15407e-5 
       13.5419   2.09301e-5 
       13.7329   2.03109e-5 
       13.9267    1.9683e-5 
       14.1232   1.90462e-5 
       14.3224   1.84005e-5 
       14.5245   1.77456e-5 
       14.7294   1.70815e-5 
       14.9372    1.6408e-5 
       15.1479   1.57251e-5 
       15.3616   1.50325e-5 
       15.5784   1.43301e-5 
       15.7981   1.36178e-5 
        16.021   1.28954e-5 
       16.2471   1.21629e-5 
       16.4763     1.142e-5 
       16.7087   1.06667e-5 
       16.9445   9.90272e-6 
       17.1835   9.12796e-6 
       17.4259   8.34228e-6 
       17.6718   7.54551e-6 
       17.9211    6.7375e-6 
       18.1739   5.91809e-6 
       18.4303   5.08712e-6 
       18.6904   4.24442e-6 
        18.954   3.38984e-6 
       19.2214    2.5232e-6 
       19.4926   1.64434e-6 
       19.7676   7.53071e-7 
            20            0 