 7.98537            0 
            21    0.0152576 
            22    0.0259974 
            23    0.0373314 
            24    0.0474116 
            25    0.0534874 
            26    0.0581171 
            27    0.0593829 
            28    0.0579416 
            29    0.0556905 
            30    0.0529079 
            32     0.048021 
            34    0.0440413 
            36    0.0399174 
            38    0.0359451 
            40    0.0323295 
            42    0.0283752 
            44    0.0251528 
            46    0.0227173 
            48    0.0206608 
            52    0.0169709 
            54    0.0154945 
            56     0.014275 
            58    0.0132796 
            60    0.0125072 