   2.11684            0 
             3  2.64254e-18 
             4  1.88852e-16 
             5  6.53099e-15 
       5.99356  1.95966e-13 
             6  2.00722e-13 
       6.26503  4.98292e-13 
       6.64356  1.88717e-12 
        6.9665  5.38051e-12 
             7    6.122e-12 
       7.32521  1.73505e-11 
        7.6626  4.57335e-11 
        7.8313  7.42498e-11 
       7.91565  9.46076e-11 
       7.94465  1.02825e-10 
       7.97628  1.12606e-10 
       8.02011  1.27382e-10 
        8.0478  1.37433e-10 
       8.07321  1.47351e-10 
       8.10427  1.60458e-10 
       8.13146  1.72879e-10 
       8.15524  1.84533e-10 
       8.18516  2.00314e-10 
        8.2102  2.14555e-10 
       8.23809  2.31609e-10 
       8.26797  2.51388e-10 
       8.29486  2.70629e-10 
       8.32175  2.91343e-10 
       8.34295   3.1121e-10 
       8.36348  3.31748e-10 
         8.393  3.63679e-10 
       8.42131  3.97167e-10 
       8.44815  4.31775e-10 
       8.47388  4.67776e-10 
       8.49829  5.04691e-10 
       8.52168  5.42808e-10 
       8.54387  5.81616e-10 
       8.56514  6.21419e-10 
       8.59231  6.76272e-10 
       8.61779  7.32087e-10 
       8.64168  7.88591e-10 
       8.66408  8.45517e-10 
       8.68507  9.02612e-10 
       8.71428  9.88507e-10 
       8.74051   1.07259e-9 
       8.76457   1.15601e-9 
       8.79308   1.26327e-9 
       8.81895   1.36917e-9 
       8.84158   1.46909e-9 
       8.87062   1.60807e-9 
        8.8868   1.69108e-9 
        8.9151    1.8468e-9 
       8.94428   2.02241e-9 
       8.96418   2.15162e-9 
       8.98806   2.31763e-9 
             9   2.40537e-9 
       9.02332    2.5978e-9 
       9.04615   2.80114e-9 
       9.06839   3.01451e-9 
       9.09016   3.23919e-9 
       9.11138   3.47413e-9 
       9.13215    3.7207e-9 
       9.15906    4.0663e-9 
       9.18534   4.43479e-9 
        9.2108   4.82357e-9 
       9.23546   5.23268e-9 
       9.25935   5.66206e-9 
       9.28249   6.11159e-9 
       9.30492   6.58109e-9 
       9.32664   7.07028e-9 
       9.34768   7.57883e-9 
       9.36807   8.10635e-9 
       9.38781   8.65237e-9 
       9.40695   9.21637e-9 
        9.4346   1.00972e-8 
       9.46082   1.10103e-8 
       9.48596    1.1963e-8 
       9.50981   1.29426e-8 
       9.53267   1.39568e-8 
       9.55434   1.49921e-8 
       9.57512   1.60566e-8 
       9.60168   1.75275e-8 
       9.62657   1.90287e-8 
       9.64991   2.05526e-8 
       9.67179   2.20919e-8 
       9.69231   2.36396e-8 
       9.72055   2.59497e-8 
       9.74647   2.82673e-8 
       9.76974   3.05245e-8 
        9.7911   3.27538e-8 
       9.81721   3.57023e-8 
       9.84006   3.84992e-8 
       9.86005   4.11256e-8 
        9.8852    4.4685e-8 
       9.90625   4.78999e-8 
       9.92968   5.17529e-8 
        9.9548   5.62259e-8 
        9.9774   6.05811e-8 
            10   6.52736e-8 
       10.0312   7.13479e-8 
       10.0615   7.77709e-8 
       10.0909    8.4544e-8 
       10.1193   9.16676e-8 
       10.1468   9.91404e-8 
       10.1734    1.0696e-7 
       10.1993   1.15123e-7 
       10.2243   1.23625e-7 
       10.2485   1.32459e-7 
        10.272   1.41619e-7 
       10.2948   1.51096e-7 
       10.3275   1.65846e-7 
       10.3588   1.81335e-7 
       10.3886    1.9736e-7 
       10.4171   2.14048e-7 
       10.4441   2.31179e-7 
       10.4701   2.48885e-7 
       10.4946    2.6693e-7 
       10.5182   2.85454e-7 
       10.5483   3.11009e-7 
       10.5765   3.37041e-7 
        10.603   3.63421e-7 
       10.6278   3.90025e-7 
       10.6511   4.16733e-7 
       10.6834   4.56955e-7 
       10.7125   4.96372e-7 
       10.7392   5.35524e-7 
       10.7555   5.60968e-7 
        10.786    6.1198e-7 
       10.8128   6.60406e-7 
       10.8362   7.05911e-7 
       10.8656   7.67628e-7 
       10.8903   8.23411e-7 
       10.9177   8.90316e-7 
       10.9471   9.68044e-7 
       10.9735   1.04378e-6 
            11   1.12545e-6 
       11.0464   1.21951e-6 
       11.0909   1.31705e-6 
        11.133   1.41676e-6 
       11.1734   1.51941e-6 
       11.2251    1.6615e-6 
       11.2735   1.80674e-6 
       11.3189   1.95442e-6 
       11.3615   2.10381e-6 
       11.4014   2.25422e-6 
       11.4388   2.40499e-6 
       11.4903   2.62922e-6 
       11.5376   2.85331e-6 
       11.5801   3.07077e-6 
        11.619   3.28486e-6 
       11.6666   3.56704e-6 
       11.7083   3.83376e-6 
       11.7618   4.20548e-6 
       11.8046   4.52882e-6 
       11.8404   4.81848e-6 
       11.8803    5.1629e-6 
       11.9231   5.55929e-6 
       11.9744   6.07534e-6 
            12   6.35105e-6 
       12.0548   6.82103e-6 
       12.1062   7.29317e-6 
        12.177   7.99723e-6 
       12.2419   8.70287e-6 
       12.3002   9.38946e-6 
       12.3537    1.0067e-5 
       12.4191   1.09623e-5 
       12.4764   1.18108e-5 
       12.5265   1.26069e-5 
       12.5895   1.36849e-5 
       12.6422   1.46576e-5 
       12.7009   1.58225e-5 
       12.7638   1.71736e-5 
       12.8205   1.84878e-5 
       12.8771   1.99027e-5 
       12.9385   2.13461e-5 
       13.0625    2.4462e-5 
       13.1486   2.67979e-5 
       13.2275    2.9137e-5 
       13.2984    3.1411e-5 
       13.3635   3.36534e-5 
       13.4431    3.6614e-5 
       13.5127   3.94176e-5 
       13.6002   4.32506e-5 
       13.6735   4.67438e-5 
       13.7551   5.09669e-5 
       13.8393    5.5722e-5 
       13.8967   5.92161e-5 
       13.9656   6.36993e-5 
       14.0625   7.03668e-5 
       14.1411   7.61753e-5 
       14.2069   8.14037e-5 
       14.2802   8.76497e-5 
       14.3587   9.48746e-5 
       14.4293  0.000101885 
       14.5312  0.000112807 
       14.6172  0.000122695 
       14.7069  0.000133943 
       14.7802   0.00014389 
       14.8587  0.000155369 
       14.9293  0.000166481 
       15.0538  0.000187589 
       15.1042  0.000196646 
       15.1987  0.000214824 
       15.2814  0.000232103 
       15.3537  0.000248358 
       15.4447  0.000270431 
       15.5209  0.000290405 
       15.6057  0.000314391 
       15.6693  0.000333671 
       15.7648  0.000364831 
       15.8602  0.000398901 
       15.9301  0.000424933 
       16.1192  0.000499574 
       16.2189  0.000542553 
        16.323  0.000591375 
        16.408  0.000634488 
       16.4991  0.000684174 
       16.5811   0.00073221 
       16.6631  0.000783618 
       16.7473  0.000831551 
       16.8737  0.000909002 
            17  0.000993668 
        17.125   0.00107547 
       17.2344   0.00115256 
       17.3719   0.00125741 
       17.4871   0.00135246 
       17.6153   0.00146679 
       17.7476   0.00159483 
       17.8918    0.0017473 
            18   0.00187113 
       18.1797   0.00203495 
       18.3301   0.00218303 
       18.4976   0.00236065 
        18.677   0.00256703 
       18.8385   0.00276816 
            19   0.00298504 
       19.2344   0.00324716 
       19.4258   0.00347821 
       19.6309   0.00374404 
        19.877   0.00408998 
            20   0.00427476 